% Model:              weld_defect_v2.mph
% Version:            COMSOL 6.4.0.429
% Date:               Sep 23 2026, 13:36
% Table:              Table 4 - Point Evaluation 1
% C_m (s/m)              Time (s)                 Velocity, Z-component (m/s), Point: (0, 0)
1.0E-6                   0                        -9.00761644883452E-6
1.0E-6                   1.0000000000000002E-10   -6.483831333621247E-4
1.0E-6                   2.0000000000000003E-10   -6.041070651545506E-4
1.0E-6                   3.0000000000000005E-10   -7.904260692268418E-4
1.0E-6                   4.0000000000000007E-10   -9.092044390663753E-4
1.0E-6                   5.000000000000001E-10    -0.0010273279822146718
1.0E-6                   6.000000000000001E-10    -0.0012566941037755496
1.0E-6                   7.000000000000001E-10    -0.001414475849908554
1.0E-6                   8.000000000000001E-10    -0.0016617645456214077
1.0E-6                   9.000000000000002E-10    -0.0019419311505048447
1.0E-6                   1.0000000000000003E-9    -0.002228407041391174
1.0E-6                   1.1000000000000001E-9    -0.0025987117304221256
1.0E-6                   1.2000000000000002E-9    -0.0029594797407876262
1.0E-6                   1.3000000000000003E-9    -0.0033798727057713957
1.0E-6                   1.4000000000000001E-9    -0.0038796037257391347
1.0E-6                   1.5000000000000002E-9    -0.004437584169568035
1.0E-6                   1.6000000000000003E-9    -0.005086835952165379
1.0E-6                   1.7000000000000003E-9    -0.005787788497884926
1.0E-6                   1.8000000000000004E-9    -0.006582924567904469
1.0E-6                   1.9000000000000005E-9    -0.007468288363952732
1.0E-6                   2.0000000000000005E-9    -0.008405381466032188
1.0E-6                   2.1E-9                   -0.009515829997123295
1.0E-6                   2.2000000000000003E-9    -0.010863873025175108
1.0E-6                   2.3000000000000003E-9    -0.012256385826442978
1.0E-6                   2.4000000000000004E-9    -0.013439943197401449
1.0E-6                   2.5000000000000005E-9    -0.01464670921546388
1.0E-6                   2.6000000000000005E-9    -0.016535334185960992
1.0E-6                   2.7000000000000006E-9    -0.019154578454244734
1.0E-6                   2.8000000000000003E-9    -0.02160547687357093
1.0E-6                   2.9000000000000003E-9    -0.02321478923281643
1.0E-6                   3.0000000000000004E-9    -0.024677859691636054
1.0E-6                   3.1000000000000005E-9    -0.027342047955074993
1.0E-6                   3.2000000000000005E-9    -0.03127524639185
1.0E-6                   3.3000000000000006E-9    -0.0350786412719751
1.0E-6                   3.4000000000000007E-9    -0.03796720663718648
1.0E-6                   3.5000000000000007E-9    -0.040780105184193484
1.0E-6                   3.600000000000001E-9     -0.04440831659217452
1.0E-6                   3.7000000000000005E-9    -0.04861311090289599
1.0E-6                   3.800000000000001E-9     -0.052984445530766346
1.0E-6                   3.900000000000001E-9     -0.05760373165049873
1.0E-6                   4.000000000000001E-9     -0.06238367205760103
1.0E-6                   4.1E-9                   -0.06706467018254753
1.0E-6                   4.2E-9                   -0.07181228628563043
1.0E-6                   4.3000000000000005E-9    -0.07694952076403813
1.0E-6                   4.4000000000000005E-9    -0.08256589098107524
1.0E-6                   4.500000000000001E-9     -0.08871510250453367
1.0E-6                   4.600000000000001E-9     -0.09527714719588516
1.0E-6                   4.700000000000001E-9     -0.1016993236644475
1.0E-6                   4.800000000000001E-9     -0.10755711754203603
1.0E-6                   4.900000000000001E-9     -0.11301967580677687
1.0E-6                   5.000000000000001E-9     -0.11860788517781806
1.0E-6                   5.100000000000001E-9     -0.12420583526833047
1.0E-6                   5.200000000000001E-9     -0.12879468443527714
1.0E-6                   5.300000000000001E-9     -0.13113411927204272
1.0E-6                   5.400000000000001E-9     -0.12961302793661972
1.0E-6                   5.500000000000001E-9     -0.12230214813583327
1.0E-6                   5.6000000000000005E-9    -0.10698991776339846
1.0E-6                   5.7000000000000006E-9    -0.08053488348947006
1.0E-6                   5.800000000000001E-9     -0.038255286030273866
1.0E-6                   5.900000000000001E-9     0.026215673116767726
1.0E-6                   6.000000000000001E-9     0.11995555501403125
1.0E-6                   6.100000000000001E-9     0.25015364463651474
1.0E-6                   6.200000000000001E-9     0.4248974235159429
1.0E-6                   6.300000000000001E-9     0.653829098379185
1.0E-6                   6.400000000000001E-9     0.9454845113610694
1.0E-6                   6.500000000000001E-9     1.2994818398449086
1.0E-6                   6.600000000000001E-9     1.6990429782139504
1.0E-6                   6.700000000000001E-9     2.1211112659969085
1.0E-6                   6.800000000000001E-9     2.5027970524025025
1.0E-6                   6.900000000000001E-9     2.0854248242968416
1.0E-6                   7.0000000000000015E-9    2.7369740382011747
1.0E-6                   7.1000000000000015E-9    2.1453112751413568
1.0E-6                   7.200000000000002E-9     2.4745242107336036
1.0E-6                   7.300000000000001E-9     3.4035953154805125
1.0E-6                   7.400000000000001E-9     2.0309895694340385
1.0E-6                   7.500000000000001E-9     2.8008047677832844
1.0E-6                   7.600000000000002E-9     2.8270130451488846
1.0E-6                   7.700000000000001E-9     3.2050944596186204
1.0E-6                   7.800000000000002E-9     1.83209564664373
1.0E-6                   7.900000000000001E-9     1.0537896063081997
1.0E-6                   8.000000000000002E-9     2.965420944106603
1.0E-6                   8.100000000000001E-9     2.226817931631039
1.0E-6                   8.2E-9                   1.194327690222142
1.0E-6                   8.300000000000002E-9     1.1601058929098127
1.0E-6                   8.4E-9                   1.0249780926291805
1.0E-6                   8.500000000000002E-9     1.047469840658026
1.0E-6                   8.600000000000001E-9     0.8327321995025064
1.0E-6                   8.700000000000002E-9     0.3231196219990532
1.0E-6                   8.800000000000001E-9     0.7418271863658726
1.0E-6                   8.900000000000002E-9     0.2923304784574291
1.0E-6                   9.000000000000001E-9     0.5921887994131046
1.0E-6                   9.100000000000002E-9     0.7460292027978808
1.0E-6                   9.200000000000001E-9     0.30339108242712887
1.0E-6                   9.300000000000002E-9     0.5210585738060161
1.0E-6                   9.400000000000001E-9     0.3962058375301863
1.0E-6                   9.500000000000002E-9     0.5308857972230343
1.0E-6                   9.600000000000002E-9     0.2663888744715964
1.0E-6                   9.700000000000001E-9     0.1388575191599132
1.0E-6                   9.800000000000002E-9     0.45798507084805967
1.0E-6                   9.900000000000001E-9     0.5182345336511122
1.0E-6                   1.0000000000000002E-8    -0.04748235964953077
1.0E-6                   1.0100000000000001E-8    -0.26655626105456653
1.0E-6                   1.0200000000000002E-8    0.7636269624827088
1.0E-6                   1.0300000000000001E-8    1.2608497823244509
1.0E-6                   1.0400000000000002E-8    -0.19633885107766455
1.0E-6                   1.0500000000000001E-8    -1.260826245360694
1.0E-6                   1.0600000000000002E-8    0.4430859671755954
1.0E-6                   1.0700000000000002E-8    2.3724747903117454
1.0E-6                   1.0800000000000002E-8    0.6155018057834792
1.0E-6                   1.0900000000000002E-8    -1.8504805366672796
1.0E-6                   1.1000000000000003E-8    -0.3250971994364207
1.0E-6                   1.1100000000000002E-8    1.9484706060758226
1.0E-6                   1.1200000000000001E-8    0.8315662212745281
1.0E-6                   1.1300000000000002E-8    -0.7258361894758673
1.0E-6                   1.1400000000000001E-8    0.011005191443415418
1.0E-6                   1.1500000000000002E-8    0.5650956054168307
1.0E-6                   1.1600000000000001E-8    0.2426981407222393
1.0E-6                   1.1700000000000002E-8    0.39284903965337553
1.0E-6                   1.1800000000000001E-8    0.2333917056213851
1.0E-6                   1.1900000000000002E-8    -0.07404016597227071
1.0E-6                   1.2000000000000002E-8    0.5675459920345807
1.0E-6                   1.2100000000000002E-8    0.7676674109715029
1.0E-6                   1.2200000000000002E-8    0.017095013009612078
1.0E-6                   1.2300000000000003E-8    -0.03621166333285391
1.0E-6                   1.2400000000000002E-8    0.6386486791061355
1.0E-6                   1.2500000000000003E-8    0.7835917391234762
1.0E-6                   1.2600000000000002E-8    0.4746676468838293
1.0E-6                   1.2700000000000003E-8    0.6022604406419859
1.0E-6                   1.2800000000000002E-8    0.5084887628523788
1.0E-6                   1.2900000000000001E-8    0.4400898908192673
1.0E-6                   1.3000000000000002E-8    0.42433793662724434
1.0E-6                   1.3100000000000001E-8    0.5790643503632956
1.0E-6                   1.3200000000000002E-8    0.8407272882288639
1.0E-6                   1.3300000000000002E-8    0.4624786984287629
1.0E-6                   1.3400000000000003E-8    -0.12361597215469684
1.0E-6                   1.3500000000000002E-8    -0.00942096807035214
1.0E-6                   1.3600000000000003E-8    0.909554916918995
1.0E-6                   1.3700000000000002E-8    1.1110453221283112
1.0E-6                   1.3800000000000003E-8    0.0907226337686536
1.0E-6                   1.3900000000000002E-8    -0.4556207763262222
1.0E-6                   1.4000000000000003E-8    0.2585064326987324
1.0E-6                   1.4100000000000002E-8    0.959627696426158
1.0E-6                   1.4200000000000003E-8    0.6186419434074849
1.0E-6                   1.4300000000000002E-8    -0.2845885742472571
1.0E-6                   1.4400000000000003E-8    -0.3699285513078585
1.0E-6                   1.4500000000000002E-8    0.24658215494115193
1.0E-6                   1.4600000000000002E-8    0.4913338481285275
1.0E-6                   1.4700000000000003E-8    0.0967748912241698
1.0E-6                   1.4800000000000002E-8    -0.19966264777111692
1.0E-6                   1.4900000000000003E-8    -0.11105859716933905
1.0E-6                   1.5000000000000002E-8    0.002511398268908065
1.0E-6                   1.5100000000000003E-8    0.09992632303449629
1.0E-6                   1.5200000000000004E-8    0.14280115605422414
1.0E-6                   1.53E-8                  0.10528581902708962
1.0E-6                   1.5400000000000002E-8    0.00709482662392879
1.0E-6                   1.5500000000000003E-8    -0.12629274420369516
1.0E-6                   1.5600000000000004E-8    -0.08666284205995885
1.0E-6                   1.57E-8                  0.10762516648469757
1.0E-6                   1.5800000000000003E-8    0.2073954942465753
1.0E-6                   1.5900000000000003E-8    0.1152158187514175
1.0E-6                   1.6000000000000004E-8    -0.08599133831921564
1.0E-6                   1.6100000000000002E-8    -0.1601560288554909
1.0E-6                   1.6200000000000003E-8    0.02974075344259911
1.0E-6                   1.6300000000000004E-8    0.3175308062598186
1.0E-6                   1.64E-8                  0.35524683642039206
1.0E-6                   1.6500000000000002E-8    -0.05129541490989584
1.0E-6                   1.6600000000000003E-8    -0.46139690158653107
1.0E-6                   1.6700000000000004E-8    -0.20251116251686616
1.0E-6                   1.68E-8                  0.430888433167318
1.0E-6                   1.6900000000000002E-8    0.4165220645703023
1.0E-6                   1.7000000000000003E-8    -0.24906207293049226
1.0E-6                   1.7100000000000004E-8    -0.4120123051279265
1.0E-6                   1.7200000000000002E-8    0.2007583574202775
1.0E-6                   1.7300000000000003E-8    0.4874899922519102
1.0E-6                   1.7400000000000004E-8    0.025750704544125088
1.0E-6                   1.7500000000000005E-8    -0.24658967400299825
1.0E-6                   1.7600000000000002E-8    0.08704284756720514
1.0E-6                   1.7700000000000003E-8    0.1902675695179117
1.0E-6                   1.7800000000000004E-8    -0.30346972731927824
1.0E-6                   1.79E-8                  -0.508514598021053
1.0E-6                   1.8000000000000002E-8    0.06448048910825727
1.0E-6                   1.8100000000000003E-8    0.5554678989601574
1.0E-6                   1.8200000000000004E-8    0.23642759216210757
1.0E-6                   1.8300000000000002E-8    -0.3036443595279758
1.0E-6                   1.8400000000000003E-8    -0.24440180235751957
1.0E-6                   1.8500000000000004E-8    0.17957118746521997
1.0E-6                   1.8600000000000004E-8    0.26130419079715866
1.0E-6                   1.8700000000000002E-8    -0.00431929910788692
1.0E-6                   1.8800000000000003E-8    -0.09664552302780505
1.0E-6                   1.8900000000000004E-8    0.07362335905175185
1.0E-6                   1.9000000000000005E-8    0.09429868771317859
1.0E-6                   1.9100000000000002E-8    -0.17039296935766915
1.0E-6                   1.9200000000000003E-8    -0.34170549791654325
1.0E-6                   1.9300000000000004E-8    -0.14794147119315781
1.0E-6                   1.9400000000000002E-8    0.20037307151793854
1.0E-6                   1.9500000000000003E-8    0.3543819227581423
1.0E-6                   1.9600000000000003E-8    0.1777939927884411
1.0E-6                   1.9700000000000004E-8    -0.18838899803323558
1.0E-6                   1.9800000000000002E-8    -0.3319356854253033
1.0E-6                   1.9900000000000003E-8    0.0449939331787178
1.0E-6                   2.0000000000000004E-8    0.5185678147735863
1.0E-6                   2.0100000000000005E-8    0.3259098863216854
1.0E-6                   2.0200000000000002E-8    -0.41018188470863537
1.0E-6                   2.0300000000000003E-8    -0.6796795160083636
1.0E-6                   2.0400000000000004E-8    -0.10424064940240163
1.0E-6                   2.0500000000000005E-8    0.4907192421944927
1.0E-6                   2.0600000000000002E-8    0.3796594050554079
1.0E-6                   2.0700000000000003E-8    -0.10945644169586949
1.0E-6                   2.0800000000000004E-8    -0.32902554291822866
1.0E-6                   2.0900000000000002E-8    -0.2119512140798168
1.0E-6                   2.1000000000000003E-8    -0.062085469686811556
1.0E-6                   2.1100000000000004E-8    3.4012246099612076E-5
1.0E-6                   2.1200000000000005E-8    0.0643466969213756
1.0E-6                   2.1300000000000002E-8    0.16440652056266075
1.0E-6                   2.1400000000000003E-8    0.172799854750433
1.0E-6                   2.1500000000000004E-8    -0.02198065577041263
1.0E-6                   2.1600000000000005E-8    -0.2559573274815566
1.0E-6                   2.1700000000000002E-8    -0.20356042948644354
1.0E-6                   2.1800000000000003E-8    0.13422881338427067
1.0E-6                   2.1900000000000004E-8    0.3439066623099886
1.0E-6                   2.2000000000000005E-8    0.1854805182269315
1.0E-6                   2.2100000000000003E-8    -0.0744204890504754
1.0E-6                   2.2200000000000004E-8    -0.13037010740728855
1.0E-6                   2.2300000000000004E-8    -0.0659628793229365
1.0E-6                   2.2400000000000002E-8    -0.06097927125722854
1.0E-6                   2.2500000000000003E-8    -0.043179719081695794
1.0E-6                   2.2600000000000004E-8    0.06982681888558462
1.0E-6                   2.2700000000000005E-8    0.1071872226004038
1.0E-6                   2.2800000000000002E-8    -0.05886277504980116
1.0E-6                   2.2900000000000003E-8    -0.21732032768554238
1.0E-6                   2.3000000000000004E-8    -0.133923252597431
1.0E-6                   2.3100000000000005E-8    0.0427680281357733
1.0E-6                   2.3200000000000003E-8    0.0036920731115997383
1.0E-6                   2.3300000000000003E-8    -0.22364762513172493
1.0E-6                   2.3400000000000004E-8    -0.306223590432727
1.0E-6                   2.3500000000000005E-8    -0.09843109041832872
1.0E-6                   2.3600000000000003E-8    0.16727701576928036
1.0E-6                   2.3700000000000004E-8    0.23755711476373736
1.0E-6                   2.3800000000000005E-8    0.16175870849546614
1.0E-6                   2.3900000000000006E-8    0.12443227208615715
1.0E-6                   2.4000000000000003E-8    0.1293827367227913
1.0E-6                   2.4100000000000004E-8    0.06300747333062956
1.0E-6                   2.4200000000000005E-8    -0.03055372330510634
1.0E-6                   2.4300000000000003E-8    0.0014386724217173895
1.0E-6                   2.4400000000000003E-8    0.11924292880660443
1.0E-6                   2.4500000000000004E-8    0.10454041815313678
1.0E-6                   2.4600000000000005E-8    -0.08634048597683781
1.0E-6                   2.4700000000000003E-8    -0.22831196069172502
1.0E-6                   2.4800000000000004E-8    -0.16488038863148047
1.0E-6                   2.4900000000000005E-8    -0.027285991055351455
1.0E-6                   2.5000000000000005E-8    -0.006507444278776626
1.0E-6                   2.5100000000000003E-8    -0.06860668264653026
1.0E-6                   2.5200000000000004E-8    -0.03990623436597147
1.0E-6                   2.5300000000000005E-8    0.0986884020064229
1.0E-6                   2.5400000000000006E-8    0.15322868348412141
1.0E-6                   2.5500000000000003E-8    -0.00669644918663202
1.0E-6                   2.5600000000000004E-8    -0.21795596445503687
1.0E-6                   2.5700000000000005E-8    -0.2055203558349092
1.0E-6                   2.5800000000000003E-8    0.02837713728211215
1.0E-6                   2.5900000000000004E-8    0.17624274972339024
1.0E-6                   2.6000000000000005E-8    0.05033135007146455
1.0E-6                   2.6100000000000005E-8    -0.1444868311138248
1.0E-6                   2.6200000000000003E-8    -0.1063053747593743
1.0E-6                   2.6300000000000004E-8    0.13062747810354483
1.0E-6                   2.6400000000000005E-8    0.25808470751543106
1.0E-6                   2.6500000000000006E-8    0.13792008014828647
1.0E-6                   2.6600000000000003E-8    -0.029312838618990932
1.0E-6                   2.6700000000000004E-8    -0.025979424549261484
1.0E-6                   2.6800000000000005E-8    0.07315873389783323
1.0E-6                   2.6900000000000006E-8    0.045620716792959266
1.0E-6                   2.7000000000000004E-8    -0.1303826782423949
1.0E-6                   2.7100000000000004E-8    -0.24999321654855605
1.0E-6                   2.7200000000000005E-8    -0.18814600848268517
1.0E-6                   2.7300000000000003E-8    -0.05788993207877664
1.0E-6                   2.7400000000000004E-8    -0.007359374736476656
1.0E-6                   2.7500000000000005E-8    -0.004042578730480033
1.0E-6                   2.7600000000000006E-8    0.06819378851094039
1.0E-6                   2.7700000000000003E-8    0.18754216395949172
1.0E-6                   2.7800000000000004E-8    0.20822066817622092
1.0E-6                   2.7900000000000005E-8    0.08129132410713596
1.0E-6                   2.8000000000000006E-8    -0.059192999916546474
1.0E-6                   2.8100000000000003E-8    -0.07297113210613786
1.0E-6                   2.8200000000000004E-8    0.008989594889333366
1.0E-6                   2.8300000000000005E-8    0.05637915515377072
1.0E-6                   2.8400000000000006E-8    0.028791010992118216
1.0E-6                   2.8500000000000004E-8    -0.00810046294770563
1.0E-6                   2.8600000000000005E-8    -0.02364998654576824
1.0E-6                   2.8700000000000006E-8    -0.05121831227362895
1.0E-6                   2.8800000000000006E-8    -0.07029700286805718
1.0E-6                   2.8900000000000004E-8    -0.0011223268441690525
1.0E-6                   2.9000000000000005E-8    0.1347718576559346
1.0E-6                   2.9100000000000006E-8    0.18003770945606798
1.0E-6                   2.9200000000000003E-8    0.049762343908904653
1.0E-6                   2.9300000000000004E-8    -0.12807216126147283
1.0E-6                   2.9400000000000005E-8    -0.1729638345995699
1.0E-6                   2.9500000000000006E-8    -0.07782263713776665
1.0E-6                   2.9600000000000004E-8    0.014002838981460125
1.0E-6                   2.9700000000000005E-8    0.005665768644582132
1.0E-6                   2.9800000000000005E-8    -0.06263114725580438
1.0E-6                   2.99E-8                  -0.09552628749901895
1.0E-6                   3.0000000000000004E-8    -0.04696468274333877
1.0E-6                   3.0100000000000005E-8    0.05254512338976286
1.0E-6                   3.0200000000000006E-8    0.12789906702924136
1.0E-6                   3.0300000000000007E-8    0.12128618976661844
1.0E-6                   3.040000000000001E-8     0.04991083796357794
1.0E-6                   3.05E-8                  -0.004898172637103454
1.0E-6                   3.06E-8                  0.01234217159136384
1.0E-6                   3.0700000000000004E-8    0.058234968414021406
1.0E-6                   3.0800000000000004E-8    0.03593549896864856
1.0E-6                   3.0900000000000005E-8    -0.08052975154631582
1.0E-6                   3.1000000000000006E-8    -0.1966599970625456
1.0E-6                   3.110000000000001E-8     -0.19567515648596448
1.0E-6                   3.120000000000001E-8     -0.0738238621131165
1.0E-6                   3.13E-8                  0.05486211482809594
1.0E-6                   3.14E-8                  0.09441493849347131
1.0E-6                   3.1500000000000004E-8    0.06766186324827521
1.0E-6                   3.1600000000000005E-8    0.05181760232323468
1.0E-6                   3.1700000000000006E-8    0.05389555534439796
1.0E-6                   3.180000000000001E-8     0.019327573314542677
1.0E-6                   3.190000000000001E-8     -0.043787578826240056
1.0E-6                   3.200000000000001E-8     -0.04136701050412663
1.0E-6                   3.21E-8                  0.06334493671686782
1.0E-6                   3.2200000000000004E-8    0.16102570669553704
1.0E-6                   3.2300000000000005E-8    0.12866374366995031
1.0E-6                   3.2400000000000006E-8    0.004594302421363876
1.0E-6                   3.2500000000000006E-8    -0.06070647618440423
1.0E-6                   3.260000000000001E-8     -0.013288662012396766
1.0E-6                   3.270000000000001E-8     0.04161782435573857
1.0E-6                   3.28E-8                  0.005103027971570953
1.0E-6                   3.2900000000000003E-8    -0.07413158430198011
1.0E-6                   3.3000000000000004E-8    -0.08040635660707611
1.0E-6                   3.3100000000000005E-8    -2.67109142146714E-4
1.0E-6                   3.3200000000000006E-8    0.0640158567208256
1.0E-6                   3.330000000000001E-8     0.042315924360898434
1.0E-6                   3.340000000000001E-8     -0.011747696958731796
1.0E-6                   3.350000000000001E-8     -0.010450732530717637
1.0E-6                   3.36E-8                  0.032403862624758306
1.0E-6                   3.3700000000000004E-8    0.02055172865434113
1.0E-6                   3.3800000000000005E-8    -0.07268448759353853
1.0E-6                   3.3900000000000006E-8    -0.1432983902681256
1.0E-6                   3.4000000000000007E-8    -0.09074783387337745
1.0E-6                   3.410000000000001E-8     0.03669214664630355
1.0E-6                   3.420000000000001E-8     0.09945463937716015
1.0E-6                   3.43E-8                  0.04928905091114942
1.0E-6                   3.4400000000000004E-8    -0.02256770206242396
1.0E-6                   3.4500000000000005E-8    -0.026462970354783802
1.0E-6                   3.4600000000000005E-8    0.014171775223732848
1.0E-6                   3.4700000000000006E-8    0.029197911007237582
1.0E-6                   3.480000000000001E-8     0.015724677557579596
1.0E-6                   3.490000000000001E-8     0.02340324660959277
1.0E-6                   3.500000000000001E-8     0.05942340559265472
1.0E-6                   3.51E-8                  0.07510824597425762
1.0E-6                   3.5200000000000004E-8    0.04212621767320247
1.0E-6                   3.5300000000000005E-8    -0.012129612579089481
1.0E-6                   3.5400000000000006E-8    -0.052398695648046466
1.0E-6                   3.550000000000001E-8     -0.07663505163589678
1.0E-6                   3.560000000000001E-8     -0.09686718786386067
1.0E-6                   3.570000000000001E-8     -0.1098057314204718
1.0E-6                   3.58E-8                  -0.09907208994940274
1.0E-6                   3.5900000000000004E-8    -0.048740148639419556
1.0E-6                   3.6000000000000005E-8    0.04325932505828274
1.0E-6                   3.6100000000000006E-8    0.14100011060917944
1.0E-6                   3.6200000000000007E-8    0.16975333414271088
1.0E-6                   3.630000000000001E-8     0.08407167086319425
1.0E-6                   3.640000000000001E-8     -0.05369863530255737
1.0E-6                   3.650000000000001E-8     -0.10780323351639756
1.0E-6                   3.6600000000000003E-8    -0.012779970300954461
1.0E-6                   3.6700000000000004E-8    0.14272324824357957
1.0E-6                   3.6800000000000005E-8    0.20886489954062265
1.0E-6                   3.6900000000000006E-8    0.13879176707985028
1.0E-6                   3.700000000000001E-8     0.027172311335872973
1.0E-6                   3.710000000000001E-8     -0.01310516782361746
1.0E-6                   3.720000000000001E-8     0.02302888904590035
1.0E-6                   3.73E-8                  0.048307061226735545
1.0E-6                   3.7400000000000004E-8    3.955373544732657E-4
1.0E-6                   3.7500000000000005E-8    -0.09039417766185671
1.0E-6                   3.7600000000000006E-8    -0.15106093086144
1.0E-6                   3.770000000000001E-8     -0.1525216603871634
1.0E-6                   3.780000000000001E-8     -0.12624352312745984
1.0E-6                   3.790000000000001E-8     -0.11042653075341957
1.0E-6                   3.800000000000001E-8     -0.10720435951443189
1.0E-6                   3.8100000000000004E-8    -0.09485639915535372
1.0E-6                   3.8200000000000005E-8    -0.05958007006896792
1.0E-6                   3.8300000000000005E-8    -0.0030813772930421758
1.0E-6                   3.8400000000000006E-8    0.06685619597819244
1.0E-6                   3.850000000000001E-8     0.1365624159318489
1.0E-6                   3.860000000000001E-8     0.18227175907355767
1.0E-6                   3.870000000000001E-8     0.18149247950299216
1.0E-6                   3.8800000000000003E-8    0.13247738647867957
1.0E-6                   3.8900000000000004E-8    0.056960320894045874
1.0E-6                   3.9000000000000005E-8    -0.014953594143612348
1.0E-6                   3.9100000000000006E-8    -0.05768838557148253
1.0E-6                   3.920000000000001E-8     -0.05591989935406441
1.0E-6                   3.930000000000001E-8     -0.013561240836462976
1.0E-6                   3.940000000000001E-8     0.04003471266062991
1.0E-6                   3.950000000000001E-8     0.06587810225523019
1.0E-6                   3.9600000000000004E-8    0.04680446588660289
1.0E-6                   3.9700000000000005E-8    2.8241534504037594E-4
1.0E-6                   3.9800000000000006E-8    -0.04262218179777402
1.0E-6                   3.9900000000000007E-8    -0.06481554955784406
1.0E-6                   4.000000000000001E-8     -0.06562538251593741
1.0E-6                   4.010000000000001E-8     -0.044775146862391584
1.0E-6                   4.020000000000001E-8     8.724653117534845E-4
1.0E-6                   4.0300000000000004E-8    0.0600372081039641
1.0E-6                   4.0400000000000004E-8    0.09894586422855887
1.0E-6                   4.0500000000000005E-8    0.08727065649133542
1.0E-6                   4.0600000000000006E-8    0.03459040699094264
1.0E-6                   4.070000000000001E-8     -0.012209605041068064
1.0E-6                   4.080000000000001E-8     -0.01725264928916075
1.0E-6                   4.090000000000001E-8     0.005818679206806862
1.0E-6                   4.100000000000001E-8     0.013019543860680785
1.0E-6                   4.1100000000000004E-8    -0.01856874209765758
1.0E-6                   4.1200000000000005E-8    -0.07046197523208683
1.0E-6                   4.1300000000000006E-8    -0.10937486548852435
1.0E-6                   4.140000000000001E-8     -0.11823779856592695
1.0E-6                   4.150000000000001E-8     -0.09881747456726438
1.0E-6                   4.160000000000001E-8     -0.059432807996713154
1.0E-6                   4.170000000000001E-8     -0.0102363308174001
1.0E-6                   4.1800000000000004E-8    0.03674317948257058
1.0E-6                   4.1900000000000005E-8    0.07180216132962912
1.0E-6                   4.2000000000000006E-8    0.08953463714326956
1.0E-6                   4.2100000000000006E-8    0.08434968969151307
1.0E-6                   4.220000000000001E-8     0.05248000505721597
1.0E-6                   4.230000000000001E-8     0.006039819444112363
1.0E-6                   4.240000000000001E-8     -0.02221613721466446
1.0E-6                   4.250000000000001E-8     -0.001978180281244457
1.0E-6                   4.2600000000000004E-8    0.06334086882324484
1.0E-6                   4.2700000000000005E-8    0.13424245597887405
1.0E-6                   4.2800000000000006E-8    0.1663057032436561
1.0E-6                   4.290000000000001E-8     0.14204545859138692
1.0E-6                   4.300000000000001E-8     0.07652692835261057
1.0E-6                   4.310000000000001E-8     0.001677824372917232
1.0E-6                   4.320000000000001E-8     -0.05265461550991892
1.0E-6                   4.3300000000000004E-8    -0.07225313911412076
1.0E-6                   4.3400000000000005E-8    -0.0637110167063323
1.0E-6                   4.3500000000000006E-8    -0.046495218208289696
1.0E-6                   4.3600000000000007E-8    -0.03473658134611678
1.0E-6                   4.370000000000001E-8     -0.025072241440673302
1.0E-6                   4.380000000000001E-8     -0.0037234472777252737
1.0E-6                   4.390000000000001E-8     0.03507795268633024
1.0E-6                   4.400000000000001E-8     0.07952509752961628
1.0E-6                   4.4100000000000004E-8    0.10772813777231362
1.0E-6                   4.4200000000000005E-8    0.1017547809969379
1.0E-6                   4.4300000000000006E-8    0.0561104071623217
1.0E-6                   4.440000000000001E-8     -0.019400366590941687
1.0E-6                   4.450000000000001E-8     -0.09871260593703554
1.0E-6                   4.460000000000001E-8     -0.14580089727934475
1.0E-6                   4.470000000000001E-8     -0.1346618142440072
1.0E-6                   4.4800000000000004E-8    -0.07121634558850945
1.0E-6                   4.4900000000000005E-8    0.007888080249673692
1.0E-6                   4.5000000000000006E-8    0.06495360733357981
1.0E-6                   4.510000000000001E-8     0.08985506463331595
1.0E-6                   4.520000000000001E-8     0.09636340296005148
1.0E-6                   4.530000000000001E-8     0.09472342792118668
1.0E-6                   4.540000000000001E-8     0.07792182886786404
1.0E-6                   4.550000000000001E-8     0.036618583251635785
1.0E-6                   4.5600000000000005E-8    -0.022901080561359893
1.0E-6                   4.5700000000000006E-8    -0.08343172760933518
1.0E-6                   4.5800000000000006E-8    -0.1331199007874996
1.0E-6                   4.590000000000001E-8     -0.166850797680226
1.0E-6                   4.600000000000001E-8     -0.1739406772944276
1.0E-6                   4.610000000000001E-8     -0.1377790205341588
1.0E-6                   4.620000000000001E-8     -0.05484140129268797
1.0E-6                   4.630000000000001E-8     0.05222364005371503
1.0E-6                   4.6400000000000005E-8    0.14892615332152023
1.0E-6                   4.6500000000000006E-8    0.2154405774081074
1.0E-6                   4.660000000000001E-8     0.2525538279460406
1.0E-6                   4.670000000000001E-8     0.26152483893777334
1.0E-6                   4.680000000000001E-8     0.22811052139279303
1.0E-6                   4.690000000000001E-8     0.1372554941866508
1.0E-6                   4.700000000000001E-8     0.0046478018996316895
1.0E-6                   4.7100000000000005E-8    -0.11523889077400096
1.0E-6                   4.7200000000000006E-8    -0.1630089782133415
1.0E-6                   4.7300000000000007E-8    -0.12153346883237102
1.0E-6                   4.740000000000001E-8     -0.029972261426519757
1.0E-6                   4.750000000000001E-8     0.0498455009385277
1.0E-6                   4.760000000000001E-8     0.08219848233632565
1.0E-6                   4.770000000000001E-8     0.07621287565756678
1.0E-6                   4.780000000000001E-8     0.06161970430003179
1.0E-6                   4.7900000000000005E-8    0.05126022300036488
1.0E-6                   4.8000000000000006E-8    0.03076134971944439
1.0E-6                   4.810000000000001E-8     -0.01551068474268109
1.0E-6                   4.820000000000001E-8     -0.07418448415879948
1.0E-6                   4.830000000000001E-8     -0.1062019322692365
1.0E-6                   4.840000000000001E-8     -0.08319317718474656
1.0E-6                   4.850000000000001E-8     -0.016621116649380933
1.0E-6                   4.8600000000000005E-8    0.0531400631986509
1.0E-6                   4.8700000000000006E-8    0.09399696240359229
1.0E-6                   4.880000000000001E-8     0.10380887023244535
1.0E-6                   4.890000000000001E-8     0.09816687900782427
1.0E-6                   4.900000000000001E-8     0.0865064094125004
1.0E-6                   4.910000000000001E-8     0.0651849396128213
1.0E-6                   4.920000000000001E-8     0.028451052477526283
1.0E-6                   4.930000000000001E-8     -0.021248664316540083
1.0E-6                   4.9400000000000006E-8    -0.0731019313162894
1.0E-6                   4.9500000000000006E-8    -0.11238702112319525
1.0E-6                   4.960000000000001E-8     -0.12516001158102383
1.0E-6                   4.970000000000001E-8     -0.10568187028036034
1.0E-6                   4.980000000000001E-8     -0.0643070284800622
1.0E-6                   4.990000000000001E-8     -0.024976191686418067
1.0E-6                   5.000000000000001E-8     -0.008106835817747357
1.0E-6                   5.0100000000000005E-8    -0.012631236669125507
1.0E-6                   5.0200000000000006E-8    -0.01615522455364801
1.0E-6                   5.030000000000001E-8     0.00467282652609451
1.0E-6                   5.040000000000001E-8     0.05177729792423546
1.0E-6                   5.050000000000001E-8     0.10142517926072812
1.0E-6                   5.060000000000001E-8     0.12217165565537229
1.0E-6                   5.070000000000001E-8     0.10104376753391417
1.0E-6                   5.080000000000001E-8     0.057222099999566844
1.0E-6                   5.0900000000000006E-8    0.030148264517030423
1.0E-6                   5.100000000000001E-8     0.04798888850439851
1.0E-6                   5.110000000000001E-8     0.10131139539122264
1.0E-6                   5.120000000000001E-8     0.1472759184039973
1.0E-6                   5.130000000000001E-8     0.14423761378694505
1.0E-6                   5.140000000000001E-8     0.08617447715334553
1.0E-6                   5.150000000000001E-8     0.004346975854187804
1.0E-6                   5.1600000000000005E-8    -0.063471135481548
1.0E-6                   5.1700000000000006E-8    -0.10247342613311042
1.0E-6                   5.180000000000001E-8     -0.1196096656487606
1.0E-6                   5.190000000000001E-8     -0.11949224882453188
1.0E-6                   5.200000000000001E-8     -0.09127370567766753
1.0E-6                   5.210000000000001E-8     -0.024348098884559733
1.0E-6                   5.220000000000001E-8     0.06726283246180095
1.0E-6                   5.230000000000001E-8     0.14495934038124447
1.0E-6                   5.2400000000000006E-8    0.17460548213170315
1.0E-6                   5.250000000000001E-8     0.15371508936125192
1.0E-6                   5.260000000000001E-8     0.10731197844060816
1.0E-6                   5.270000000000001E-8     0.05961506822952825
1.0E-6                   5.280000000000001E-8     0.0155679920179312
1.0E-6                   5.290000000000001E-8     -0.028968556373598027
1.0E-6                   5.300000000000001E-8     -0.06649013077000737
1.0E-6                   5.3100000000000006E-8    -0.07692303393003237
1.0E-6                   5.3200000000000007E-8    -0.05003257838190795
1.0E-6                   5.330000000000001E-8     -0.0033333446653170786
1.0E-6                   5.340000000000001E-8     0.029024350769466672
1.0E-6                   5.350000000000001E-8     0.026837122223620596
1.0E-6                   5.360000000000001E-8     6.979744228760464E-4
1.0E-6                   5.370000000000001E-8     -0.022805068229207248
1.0E-6                   5.380000000000001E-8     -0.029270200289203005
1.0E-6                   5.3900000000000006E-8    -0.025701216651485496
1.0E-6                   5.400000000000001E-8     -0.023052547323851945
1.0E-6                   5.410000000000001E-8     -0.01729291474551181
1.0E-6                   5.420000000000001E-8     0.005488195094221685
1.0E-6                   5.430000000000001E-8     0.04681668857859341
1.0E-6                   5.440000000000001E-8     0.08668675530587491
1.0E-6                   5.450000000000001E-8     0.10161083728314185
1.0E-6                   5.4600000000000006E-8    0.08895094856684768
1.0E-6                   5.470000000000001E-8     0.0681644487109012
1.0E-6                   5.480000000000001E-8     0.058157106026148646
1.0E-6                   5.490000000000001E-8     0.058212773257095146
1.0E-6                   5.500000000000001E-8     0.05303126157279186
1.0E-6                   5.510000000000001E-8     0.03217919040644188
1.0E-6                   5.520000000000001E-8     1.868834844057907E-4
1.0E-6                   5.530000000000001E-8     -0.030302633504632994
1.0E-6                   5.5400000000000006E-8    -0.04905534280323699
1.0E-6                   5.550000000000001E-8     -0.0502504676964244
1.0E-6                   5.560000000000001E-8     -0.030081667107661855
1.0E-6                   5.570000000000001E-8     0.010253504929038672
1.0E-6                   5.580000000000001E-8     0.058306690995659195
1.0E-6                   5.590000000000001E-8     0.09280933506347402
1.0E-6                   5.600000000000001E-8     0.09799194506817789
1.0E-6                   5.6100000000000006E-8    0.07643571405592708
1.0E-6                   5.620000000000001E-8     0.045726320174433274
1.0E-6                   5.630000000000001E-8     0.021694075992293605
1.0E-6                   5.640000000000001E-8     0.0062666586946828196
1.0E-6                   5.650000000000001E-8     -0.007877015381934239
1.0E-6                   5.660000000000001E-8     -0.02338987537933855
1.0E-6                   5.670000000000001E-8     -0.0326062462006136
1.0E-6                   5.680000000000001E-8     -0.02684007336608866
1.0E-6                   5.6900000000000007E-8    -0.009191286948114913
1.0E-6                   5.700000000000001E-8     0.005006441340161296
1.0E-6                   5.710000000000001E-8     0.0022702667837224606
1.0E-6                   5.720000000000001E-8     -0.014454639658661648
1.0E-6                   5.730000000000001E-8     -0.026083965411079522
1.0E-6                   5.740000000000001E-8     -0.013320559661627823
1.0E-6                   5.750000000000001E-8     0.026341572008689165
1.0E-6                   5.760000000000001E-8     0.07608497554655191
1.0E-6                   5.770000000000001E-8     0.11354804762751282
1.0E-6                   5.780000000000001E-8     0.1279180311445243
1.0E-6                   5.790000000000001E-8     0.12510323370586202
1.0E-6                   5.800000000000001E-8     0.11745851148945897
1.0E-6                   5.810000000000001E-8     0.10889489470929797
1.0E-6                   5.820000000000001E-8     0.09005294816508438
1.0E-6                   5.830000000000001E-8     0.04823982371569074
1.0E-6                   5.840000000000001E-8     -0.017554464551485686
1.0E-6                   5.850000000000001E-8     -0.09127887048082009
1.0E-6                   5.860000000000001E-8     -0.14944025240807227
1.0E-6                   5.870000000000001E-8     -0.17657597275856884
1.0E-6                   5.880000000000001E-8     -0.1724808787483855
1.0E-6                   5.890000000000001E-8     -0.14636547488447962
1.0E-6                   5.900000000000001E-8     -0.10617659431281341
1.0E-6                   5.910000000000001E-8     -0.05435214848428908
1.0E-6                   5.920000000000001E-8     0.007525747680686558
1.0E-6                   5.930000000000001E-8     0.07241075471460605
1.0E-6                   5.940000000000001E-8     0.127524872762773
1.0E-6                   5.950000000000001E-8     0.1606535729016639
1.0E-6                   5.960000000000001E-8     0.167551967653029
1.0E-6                   5.970000000000001E-8     0.15521213045081236
1.0E-6                   5.98E-8                  0.1392711957925793
1.0E-6                   5.990000000000001E-8     0.1365321755885142
1.0E-6                   6.000000000000001E-8     0.15540867014930357
1.0E-6                   6.010000000000002E-8     0.1893762293521817
1.0E-6                   6.020000000000001E-8     0.21892281098597513
1.0E-6                   6.03E-8                  0.22258922380187576
1.0E-6                   6.040000000000001E-8     0.1898857907565289
1.0E-6                   6.05E-8                  0.12637367942943117
1.0E-6                   6.060000000000001E-8     0.048175086478855746
1.0E-6                   6.070000000000001E-8     -0.027248392781376946
1.0E-6                   6.080000000000002E-8     -0.085813596687738
1.0E-6                   6.090000000000001E-8     -0.11662374436185441
1.0E-6                   6.1E-8                   -0.1129821864169557
1.0E-6                   6.110000000000001E-8     -0.07743018407871216
1.0E-6                   6.12E-8                  -0.025377019772893493
1.0E-6                   6.130000000000001E-8     0.019530736034708698
1.0E-6                   6.140000000000001E-8     0.03692371423655397
1.0E-6                   6.150000000000001E-8     0.018930275576140985
1.0E-6                   6.160000000000001E-8     -0.029632252016141336
1.0E-6                   6.170000000000002E-8     -0.09724184756160115
1.0E-6                   6.180000000000001E-8     -0.17000070257268457
1.0E-6                   6.19E-8                  -0.2315393538362866
1.0E-6                   6.200000000000001E-8     -0.2635350047866822
1.0E-6                   6.210000000000001E-8     -0.2520157776264168
1.0E-6                   6.220000000000001E-8     -0.19650693858279264
1.0E-6                   6.230000000000001E-8     -0.11269816869656317
1.0E-6                   6.240000000000002E-8     -0.023368035289648557
1.0E-6                   6.250000000000001E-8     0.05625537327698271
1.0E-6                   6.26E-8                  0.12577443436743843
1.0E-6                   6.270000000000001E-8     0.19268851744367946
1.0E-6                   6.28E-8                  0.258084968788179
1.0E-6                   6.290000000000001E-8     0.3093188488080161
1.0E-6                   6.300000000000001E-8     0.32738138523394483
1.0E-6                   6.310000000000002E-8     0.30233200300539625
1.0E-6                   6.320000000000001E-8     0.24259687428774826
1.0E-6                   6.33E-8                  0.17023850176913452
1.0E-6                   6.340000000000001E-8     0.10727228667989751
1.0E-6                   6.35E-8                  0.06473723219704973
1.0E-6                   6.360000000000001E-8     0.04148199478545231
1.0E-6                   6.370000000000001E-8     0.030153433645111163
1.0E-6                   6.380000000000002E-8     0.02321198884104411
1.0E-6                   6.390000000000001E-8     0.014623989305520545
1.0E-6                   6.400000000000002E-8     -0.001516012533903768
1.0E-6                   6.410000000000001E-8     -0.03136085940047585
1.0E-6                   6.42E-8                  -0.07813324020487455
1.0E-6                   6.430000000000001E-8     -0.13672924098843495
1.0E-6                   6.440000000000001E-8     -0.1906943978556766
1.0E-6                   6.450000000000002E-8     -0.21622694209565488
1.0E-6                   6.460000000000001E-8     -0.1936965630011734
1.0E-6                   6.470000000000002E-8     -0.12081851553982433
1.0E-6                   6.480000000000001E-8     -0.018078267976088462
1.0E-6                   6.49E-8                  0.07949621310386254
1.0E-6                   6.500000000000001E-8     0.14070830959633804
1.0E-6                   6.510000000000001E-8     0.1548971648654069
1.0E-6                   6.520000000000001E-8     0.1354003541207138
1.0E-6                   6.530000000000001E-8     0.10785707024270112
1.0E-6                   6.540000000000002E-8     0.09291580915309394
1.0E-6                   6.550000000000001E-8     0.0963408934044615
1.0E-6                   6.56E-8                  0.11195416018291329
1.0E-6                   6.570000000000001E-8     0.13154289351792806
1.0E-6                   6.580000000000001E-8     0.151369726144733
1.0E-6                   6.590000000000001E-8     0.170606519029435
1.0E-6                   6.600000000000001E-8     0.18601437752917677
1.0E-6                   6.610000000000002E-8     0.19013779099225514
1.0E-6                   6.620000000000001E-8     0.17518932652702912
1.0E-6                   6.63E-8                  0.1382839069852075
1.0E-6                   6.640000000000001E-8     0.08286157003220893
1.0E-6                   6.65E-8                  0.015955369578789656
1.0E-6                   6.660000000000001E-8     -0.054797991227995266
1.0E-6                   6.670000000000001E-8     -0.121542260931022
1.0E-6                   6.680000000000002E-8     -0.17544513077399707
1.0E-6                   6.690000000000001E-8     -0.20811546658070826
1.0E-6                   6.700000000000002E-8     -0.21546300107661215
1.0E-6                   6.710000000000001E-8     -0.20019580185419572
1.0E-6                   6.72E-8                  -0.16951435908674334
1.0E-6                   6.730000000000001E-8     -0.12961974175642058
1.0E-6                   6.740000000000001E-8     -0.08268300683080053
1.0E-6                   6.750000000000002E-8     -0.029721206368237146
1.0E-6                   6.760000000000001E-8     0.02387990360137315
1.0E-6                   6.770000000000002E-8     0.06731509653623464
1.0E-6                   6.780000000000001E-8     0.0909583178738924
1.0E-6                   6.79E-8                  0.09544823403242723
1.0E-6                   6.800000000000001E-8     0.09412190037016953
1.0E-6                   6.810000000000001E-8     0.10492618177872266
1.0E-6                   6.820000000000002E-8     0.137747878550928
1.0E-6                   6.830000000000001E-8     0.18759935732776964
1.0E-6                   6.840000000000002E-8     0.23863919951250806
1.0E-6                   6.850000000000001E-8     0.27430160951877275
1.0E-6                   6.86E-8                  0.2847455630339728
1.0E-6                   6.870000000000001E-8     0.2676781582307312
1.0E-6                   6.880000000000001E-8     0.22583617838565906
1.0E-6                   6.890000000000001E-8     0.1658347051079934
1.0E-6                   6.900000000000001E-8     0.09842962489872518
1.0E-6                   6.910000000000002E-8     0.036621503941617894
1.0E-6                   6.920000000000001E-8     -0.009549714223452412
1.0E-6                   6.93E-8                  -0.03761189901210946
1.0E-6                   6.940000000000001E-8     -0.05208500794371457
1.0E-6                   6.950000000000001E-8     -0.05919791244862488
1.0E-6                   6.960000000000001E-8     -0.06215629505447487
1.0E-6                   6.970000000000001E-8     -0.06105147792928898
1.0E-6                   6.980000000000002E-8     -0.05604348500419019
1.0E-6                   6.990000000000001E-8     -0.04929558608074223
1.0E-6                   7.000000000000002E-8     -0.04354323158005223
1.0E-6                   7.010000000000001E-8     -0.039569557662993214
1.0E-6                   7.02E-8                  -0.0358844278547023
1.0E-6                   7.030000000000001E-8     -0.030962857670413176
1.0E-6                   7.040000000000001E-8     -0.025511642657051935
1.0E-6                   7.050000000000002E-8     -0.02247811957371307
1.0E-6                   7.060000000000001E-8     -0.024778003067095617
1.0E-6                   7.070000000000002E-8     -0.032259645771180095
1.0E-6                   7.080000000000001E-8     -0.03963021682411758
1.0E-6                   7.09E-8                  -0.03706227709073357
1.0E-6                   7.100000000000001E-8     -0.014779237208381903
1.0E-6                   7.110000000000001E-8     0.02952187826455854
1.0E-6                   7.120000000000002E-8     0.0854007699200765
1.0E-6                   7.130000000000001E-8     0.13248715309564574
1.0E-6                   7.140000000000002E-8     0.15194399340236237
1.0E-6                   7.150000000000001E-8     0.1388239860575992
1.0E-6                   7.16E-8                  0.10480918032017396
1.0E-6                   7.170000000000001E-8     0.06819076312199741
1.0E-6                   7.180000000000001E-8     0.03948816399607451
1.0E-6                   7.190000000000002E-8     0.015388333517385817
1.0E-6                   7.200000000000001E-8     -0.014088517502050535
1.0E-6                   7.210000000000002E-8     -0.05264035115677339
1.0E-6                   7.220000000000001E-8     -0.09122326884853353
1.0E-6                   7.23E-8                  -0.11350775257408369
1.0E-6                   7.240000000000001E-8     -0.10764528067442916
1.0E-6                   7.250000000000001E-8     -0.07412844563292159
1.0E-6                   7.260000000000001E-8     -0.02445761373208151
1.0E-6                   7.270000000000001E-8     0.02630980688492875
1.0E-6                   7.280000000000002E-8     0.06622661040872659
1.0E-6                   7.290000000000001E-8     0.08839004194635228
1.0E-6                   7.300000000000002E-8     0.08970112963905802
1.0E-6                   7.310000000000001E-8     0.07050207538577138
1.0E-6                   7.320000000000001E-8     0.036790378506807234
1.0E-6                   7.330000000000001E-8     0.002360593207777373
1.0E-6                   7.340000000000001E-8     -0.01353665201183831
1.0E-6                   7.350000000000002E-8     0.00560910297796172
1.0E-6                   7.360000000000001E-8     0.06372377392727946
1.0E-6                   7.370000000000002E-8     0.14790905604899232
1.0E-6                   7.380000000000001E-8     0.2341097500098196
1.0E-6                   7.39E-8                  0.29972729188544783
1.0E-6                   7.400000000000001E-8     0.33455477294306235
1.0E-6                   7.410000000000001E-8     0.3424128767780291
1.0E-6                   7.420000000000002E-8     0.3330564492090144
1.0E-6                   7.430000000000001E-8     0.3114514288548537
1.0E-6                   7.440000000000002E-8     0.27321060680187426
1.0E-6                   7.450000000000001E-8     0.20958296207507354
1.0E-6                   7.46E-8                  0.11750998272096788
1.0E-6                   7.470000000000001E-8     0.006328929626199912
1.0E-6                   7.480000000000001E-8     -0.10431461499236831
1.0E-6                   7.490000000000002E-8     -0.1936575124465257
1.0E-6                   7.500000000000001E-8     -0.24918082413057382
1.0E-6                   7.510000000000002E-8     -0.269950466562831
1.0E-6                   7.520000000000001E-8     -0.2631984255406716
1.0E-6                   7.53E-8                  -0.23833411584932424
1.0E-6                   7.540000000000001E-8     -0.2028671934318448
1.0E-6                   7.550000000000001E-8     -0.16122879310870622
1.0E-6                   7.560000000000002E-8     -0.11462050793851714
1.0E-6                   7.570000000000001E-8     -0.06070569947358083
1.0E-6                   7.580000000000002E-8     0.00551772344000742
1.0E-6                   7.590000000000001E-8     0.0878909760874988
1.0E-6                   7.600000000000002E-8     0.18341683389750738
1.0E-6                   7.610000000000001E-8     0.27893040009988446
1.0E-6                   7.620000000000001E-8     0.3538367956093124
1.0E-6                   7.630000000000001E-8     0.3884450434236768
1.0E-6                   7.640000000000001E-8     0.37319074499974647
1.0E-6                   7.650000000000002E-8     0.31329573962233176
1.0E-6                   7.660000000000001E-8     0.22635219547688087
1.0E-6                   7.670000000000002E-8     0.1344055521316113
1.0E-6                   7.680000000000001E-8     0.05485551508183932
1.0E-6                   7.690000000000001E-8     -0.005092252707190903
1.0E-6                   7.700000000000001E-8     -0.047623206031590114
1.0E-6                   7.710000000000001E-8     -0.0780947800368576
1.0E-6                   7.720000000000002E-8     -0.09811969562605692
1.0E-6                   7.730000000000001E-8     -0.10360427332734498
1.0E-6                   7.740000000000002E-8     -0.0897701480674709
1.0E-6                   7.750000000000001E-8     -0.05912514934839182
1.0E-6                   7.760000000000001E-8     -0.02502288293542522
1.0E-6                   7.770000000000001E-8     -0.006448383498781597
1.0E-6                   7.780000000000001E-8     -0.016944561972692333
1.0E-6                   7.790000000000002E-8     -0.05579490955144198
1.0E-6                   7.800000000000001E-8     -0.1079888643693885
1.0E-6                   7.810000000000002E-8     -0.15262350966557686
1.0E-6                   7.820000000000001E-8     -0.1733708800071993
1.0E-6                   7.830000000000002E-8     -0.16424672994407882
1.0E-6                   7.840000000000001E-8     -0.1285059378923032
1.0E-6                   7.850000000000001E-8     -0.0735283527840881
1.0E-6                   7.860000000000002E-8     -0.006311009621803829
1.0E-6                   7.870000000000001E-8     0.06758884651914103
1.0E-6                   7.880000000000002E-8     0.14196513598036312
1.0E-6                   7.890000000000001E-8     0.20744336505171626
1.0E-6                   7.900000000000002E-8     0.2517712096295801
1.0E-6                   7.910000000000001E-8     0.26439440790752333
1.0E-6                   7.920000000000001E-8     0.243332957365614
1.0E-6                   7.930000000000002E-8     0.19943723649822043
1.0E-6                   7.940000000000001E-8     0.15356616463550207
1.0E-6                   7.950000000000002E-8     0.1268232708333059
1.0E-6                   7.960000000000001E-8     0.1295685967700892
1.0E-6                   7.970000000000002E-8     0.1565960588260997
1.0E-6                   7.980000000000001E-8     0.19162307995060107
1.0E-6                   7.990000000000001E-8     0.21738464156275278
1.0E-6                   8.000000000000001E-8     0.22398303012489532
1.0E-6                   8.010000000000001E-8     0.21060527242612212
1.0E-6                   8.020000000000002E-8     0.18160763722725043
1.0E-6                   8.030000000000001E-8     0.14184963784467594
1.0E-6                   8.040000000000002E-8     0.09509553166788874
1.0E-6                   8.050000000000001E-8     0.04524381566094377
1.0E-6                   8.060000000000001E-8     -0.0025609146010889426
1.0E-6                   8.070000000000001E-8     -0.0429669526055117
1.0E-6                   8.080000000000001E-8     -0.07275168716653893
1.0E-6                   8.090000000000002E-8     -0.09204815882835585
1.0E-6                   8.100000000000001E-8     -0.10326265433930125
1.0E-6                   8.110000000000002E-8     -0.10884289156303999
1.0E-6                   8.120000000000001E-8     -0.10996539901445117
1.0E-6                   8.130000000000002E-8     -0.10686688903010545
1.0E-6                   8.140000000000001E-8     -0.09959500266008836
1.0E-6                   8.150000000000001E-8     -0.08758197549236074
1.0E-6                   8.160000000000002E-8     -0.0680604519329338
1.0E-6                   8.170000000000001E-8     -0.03522740299622644
1.0E-6                   8.180000000000002E-8     0.017825932095819223
1.0E-6                   8.190000000000001E-8     0.09441397039143166
1.0E-6                   8.200000000000002E-8     0.1892779599839395
1.0E-6                   8.210000000000001E-8     0.28670545850836404
1.0E-6                   8.220000000000001E-8     0.36366632720867575
1.0E-6                   8.230000000000002E-8     0.3971517434734403
1.0E-6                   8.240000000000001E-8     0.37270476439571354
1.0E-6                   8.250000000000002E-8     0.2905973416868956
1.0E-6                   8.260000000000001E-8     0.1671567444080938
1.0E-6                   8.270000000000002E-8     0.030578284774908163
1.0E-6                   8.280000000000001E-8     -0.08755761584604396
1.0E-6                   8.290000000000001E-8     -0.16231870732660522
1.0E-6                   8.300000000000002E-8     -0.18340942610987113
1.0E-6                   8.310000000000001E-8     -0.15783705399439688
1.0E-6                   8.320000000000002E-8     -0.10584251136649273
1.0E-6                   8.330000000000001E-8     -0.05170527505363323
1.0E-6                   8.340000000000002E-8     -0.013755997437089393
1.0E-6                   8.350000000000001E-8     0.0014755702298256614
1.0E-6                   8.360000000000001E-8     -0.0016201621621451286
1.0E-6                   8.370000000000001E-8     -0.013898669262347067
1.0E-6                   8.380000000000001E-8     -0.028361472936561827
1.0E-6                   8.390000000000002E-8     -0.04326754745271133
1.0E-6                   8.400000000000001E-8     -0.06004662934361286
1.0E-6                   8.410000000000002E-8     -0.07846066693437757
1.0E-6                   8.420000000000001E-8     -0.0932284674573757
1.0E-6                   8.430000000000002E-8     -0.09488893264755498
1.0E-6                   8.440000000000001E-8     -0.07437004014216951
1.0E-6                   8.450000000000001E-8     -0.028131340737483433
1.0E-6                   8.460000000000002E-8     0.039391337042484584
1.0E-6                   8.470000000000001E-8     0.1172498500193424
1.0E-6                   8.480000000000002E-8     0.19208338716768739
1.0E-6                   8.490000000000001E-8     0.25241570559550347
1.0E-6                   8.500000000000002E-8     0.29131522558074574
1.0E-6                   8.510000000000001E-8     0.3070448993113984
1.0E-6                   8.520000000000001E-8     0.30235717370663406
1.0E-6                   8.530000000000002E-8     0.28311767663556076
1.0E-6                   8.540000000000001E-8     0.2564504822489555
1.0E-6                   8.550000000000002E-8     0.2284568026011886
1.0E-6                   8.560000000000001E-8     0.2020503108047471
1.0E-6                   8.570000000000002E-8     0.17596406849098392
1.0E-6                   8.580000000000001E-8     0.14571284390412148
1.0E-6                   8.590000000000001E-8     0.10622195070030309
1.0E-6                   8.600000000000002E-8     0.05485177789088338
1.0E-6                   8.610000000000001E-8     -0.006492907556830281
1.0E-6                   8.620000000000002E-8     -0.07073436781348212
1.0E-6                   8.630000000000001E-8     -0.1264591532274009
1.0E-6                   8.640000000000002E-8     -0.16030968865167028
1.0E-6                   8.650000000000001E-8     -0.1611454520911424
1.0E-6                   8.660000000000001E-8     -0.12530783773355025
1.0E-6                   8.670000000000002E-8     -0.0605950776274273
1.0E-6                   8.680000000000001E-8     0.014287417721398873
1.0E-6                   8.690000000000002E-8     0.07629856232892018
1.0E-6                   8.700000000000001E-8     0.10827998698042951
1.0E-6                   8.710000000000002E-8     0.10723280076042539
1.0E-6                   8.720000000000001E-8     0.08540482278144478
1.0E-6                   8.730000000000002E-8     0.06313107758555171
1.0E-6                   8.740000000000001E-8     0.057575775429482265
1.0E-6                   8.750000000000001E-8     0.07400219841521061
1.0E-6                   8.760000000000002E-8     0.10428612043793162
1.0E-6                   8.770000000000001E-8     0.1326739188665469
1.0E-6                   8.780000000000002E-8     0.1446435950229734
1.0E-6                   8.790000000000001E-8     0.13369503484048093
1.0E-6                   8.800000000000002E-8     0.10305230733571238
1.0E-6                   8.810000000000001E-8     0.06261976212039938
1.0E-6                   8.820000000000001E-8     0.02380432247671175
1.0E-6                   8.830000000000002E-8     -0.0049935398406219375
1.0E-6                   8.840000000000001E-8     -0.02066863753914315
1.0E-6                   8.850000000000002E-8     -0.025288970505980314
1.0E-6                   8.860000000000001E-8     -0.02406581761395056
1.0E-6                   8.870000000000002E-8     -0.022172280324109988
1.0E-6                   8.880000000000001E-8     -0.02155792528519154
1.0E-6                   8.890000000000001E-8     -0.019402508282821664
1.0E-6                   8.900000000000002E-8     -0.009644793485950105
1.0E-6                   8.910000000000001E-8     0.01252577999892286
1.0E-6                   8.920000000000002E-8     0.04561020638134192
1.0E-6                   8.930000000000001E-8     0.07981537470540392
1.0E-6                   8.940000000000002E-8     0.10050697008664804
1.0E-6                   8.950000000000001E-8     0.09601859662034333
1.0E-6                   8.960000000000001E-8     0.06541774542480118
1.0E-6                   8.970000000000002E-8     0.021185623093130615
1.0E-6                   8.980000000000001E-8     -0.015461120247213403
1.0E-6                   8.990000000000002E-8     -0.024431671760150653
1.0E-6                   9.000000000000001E-8     0.003550176248534587
1.0E-6                   9.010000000000002E-8     0.0626736298882437
1.0E-6                   9.020000000000001E-8     0.13522500331402834
1.0E-6                   9.030000000000002E-8     0.20007744212502632
1.0E-6                   9.040000000000002E-8     0.24168060043564757
1.0E-6                   9.050000000000001E-8     0.2550239176312091
1.0E-6                   9.060000000000002E-8     0.24482069799058384
1.0E-6                   9.070000000000001E-8     0.22055207078223107
1.0E-6                   9.080000000000002E-8     0.19092838420389438
1.0E-6                   9.090000000000001E-8     0.16079477094424444
1.0E-6                   9.100000000000002E-8     0.13125928543615653
1.0E-6                   9.110000000000002E-8     0.10166974135719208
1.0E-6                   9.120000000000001E-8     0.0714684052328304
1.0E-6                   9.130000000000002E-8     0.040927380199998045
1.0E-6                   9.140000000000001E-8     0.011081886866545895
1.0E-6                   9.150000000000002E-8     -0.01638017189770268
1.0E-6                   9.160000000000001E-8     -0.039060284551558855
1.0E-6                   9.170000000000002E-8     -0.054069753488070034
1.0E-6                   9.180000000000001E-8     -0.05893809889588666
1.0E-6                   9.190000000000001E-8     -0.052958246965903163
1.0E-6                   9.200000000000002E-8     -0.038160853837479074
1.0E-6                   9.210000000000001E-8     -0.01918932678853234
1.0E-6                   9.220000000000002E-8     -0.001928248293670946
1.0E-6                   9.230000000000001E-8     0.008659489427462329
1.0E-6                   9.240000000000002E-8     0.010683778266517575
1.0E-6                   9.250000000000001E-8     0.006545448180383512
1.0E-6                   9.260000000000002E-8     0.0024171222114880877
1.0E-6                   9.270000000000002E-8     0.005735608321838213
1.0E-6                   9.280000000000001E-8     0.021505129181297638
1.0E-6                   9.290000000000002E-8     0.04925274213421667
1.0E-6                   9.300000000000001E-8     0.08261554808456088
1.0E-6                   9.310000000000002E-8     0.11229587032887796
1.0E-6                   9.320000000000001E-8     0.1310595151127122
1.0E-6                   9.330000000000002E-8     0.13791100146301458
1.0E-6                   9.340000000000002E-8     0.13871044391307816
1.0E-6                   9.350000000000001E-8     0.1424163869677126
1.0E-6                   9.360000000000002E-8     0.1547934700338617
1.0E-6                   9.370000000000001E-8     0.1732153950033475
1.0E-6                   9.380000000000002E-8     0.18594514065288956
1.0E-6                   9.390000000000001E-8     0.17695626297750036
1.0E-6                   9.400000000000002E-8     0.13418559724705853
1.0E-6                   9.410000000000002E-8     0.05692034536118695
1.0E-6                   9.420000000000001E-8     -0.04178434821992331
1.0E-6                   9.430000000000002E-8     -0.13917394507255823
1.0E-6                   9.440000000000001E-8     -0.21136957557988384
1.0E-6                   9.450000000000002E-8     -0.24215131359749856
1.0E-6                   9.460000000000001E-8     -0.22783650037752945
1.0E-6                   9.470000000000002E-8     -0.17653895706533992
1.0E-6                   9.480000000000002E-8     -0.10308489533765729
1.0E-6                   9.490000000000001E-8     -0.022666872595097143
1.0E-6                   9.500000000000002E-8     0.05382786522979374
1.0E-6                   9.510000000000001E-8     0.12141478669103316
1.0E-6                   9.520000000000002E-8     0.17982767756606627
1.0E-6                   9.530000000000001E-8     0.2307772514142882
1.0E-6                   9.540000000000002E-8     0.2749784551454997
1.0E-6                   9.550000000000001E-8     0.3100268123063578
1.0E-6                   9.560000000000002E-8     0.3299624112196383
1.0E-6                   9.570000000000002E-8     0.32698772458898023
1.0E-6                   9.580000000000001E-8     0.29501752613428844
1.0E-6                   9.590000000000002E-8     0.23368200454027702
1.0E-6                   9.600000000000001E-8     0.1507593275606899
1.0E-6                   9.610000000000002E-8     0.06144056234036453
1.0E-6                   9.620000000000001E-8     -0.015701668913993654
1.0E-6                   9.630000000000002E-8     -0.06447963095468852
1.0E-6                   9.640000000000002E-8     -0.0761497060279376
1.0E-6                   9.650000000000001E-8     -0.05173681800951582
1.0E-6                   9.660000000000002E-8     -9.616567338629517E-4
1.0E-6                   9.670000000000001E-8     0.061410972779895316
1.0E-6                   9.680000000000002E-8     0.12011725542837579
1.0E-6                   9.690000000000001E-8     0.16315240880540827
1.0E-6                   9.700000000000002E-8     0.18373844114566257
1.0E-6                   9.710000000000002E-8     0.1804081928929784
1.0E-6                   9.720000000000001E-8     0.1558104884492467
1.0E-6                   9.730000000000002E-8     0.11507543066028755
1.0E-6                   9.740000000000001E-8     0.06439174289124962
1.0E-6                   9.750000000000002E-8     0.010096450156943259
1.0E-6                   9.760000000000001E-8     -0.0417038678575764
1.0E-6                   9.770000000000002E-8     -0.08513021555064545
1.0E-6                   9.780000000000002E-8     -0.11443781605834702
1.0E-6                   9.790000000000001E-8     -0.12423781621852027
1.0E-6                   9.800000000000002E-8     -0.11037730968362822
1.0E-6                   9.810000000000001E-8     -0.07146218375237053
1.0E-6                   9.820000000000002E-8     -0.010483883139745636
1.0E-6                   9.830000000000001E-8     0.06432805195194034
1.0E-6                   9.840000000000002E-8     0.14018721391398117
1.0E-6                   9.850000000000002E-8     0.202184000863396
1.0E-6                   9.860000000000002E-8     0.2369972632139774
1.0E-6                   9.870000000000002E-8     0.23681970404998098
1.0E-6                   9.880000000000001E-8     0.2020992600044175
1.0E-6                   9.890000000000002E-8     0.1417969038626827
1.0E-6                   9.900000000000001E-8     0.07060668684075243
1.0E-6                   9.910000000000002E-8     0.003927969228812931
1.0E-6                   9.920000000000001E-8     -0.04729586529438158
1.0E-6                   9.930000000000002E-8     -0.0794138612321569
1.0E-6                   9.940000000000002E-8     -0.09527517211415122
1.0E-6                   9.950000000000001E-8     -0.10059486412957566
1.0E-6                   9.960000000000002E-8     -0.09989718977971018
1.0E-6                   9.970000000000001E-8     -0.09446162083215733
1.0E-6                   9.980000000000002E-8     -0.08309903186865998
1.0E-6                   9.990000000000001E-8     -0.06459498273464889
1.0E-6                   1.0000000000000002E-7    -0.03970748336190123
