% COMSOL prescribed-velocity source: recoil-inclusive local laser run
% T_pre=293.15 K; E_p=25 mJ; C_m=1e-6 N/W
% Raw initial offset removed; half-cosine local-ring gate 50-70 ns
% Causal Chebyshev-II low-pass: 7.5 MHz passband, 10 MHz stopband
% Stopband target 62 dB; final half-cosine taper 1.2-1.5 us
% The filtered peak time includes the causal-filter delay
% Columns: time_s    v_hyb_m_per_s
0.000000000000e+00 0.000000000000e+00
1.000000000000e-09 -5.308149116368e-07
2.000000000000e-09 -2.569095144307e-06
3.000000000000e-09 -9.055753508097e-06
4.000000000000e-09 -2.552579427827e-05
5.000000000000e-09 -5.855302372814e-05
6.000000000000e-09 -7.548337654436e-05
7.000000000000e-09 5.855996351066e-04
8.000000000000e-09 1.481523245515e-03
9.000000000000e-09 1.458752484828e-03
1.000000000000e-08 1.221024713880e-03
1.100000000000e-08 1.012221886469e-03
1.200000000000e-08 1.034955849098e-03
1.300000000000e-08 1.203940518348e-03
1.400000000000e-08 1.365394853063e-03
1.500000000000e-08 1.481836339755e-03
1.600000000000e-08 1.634371291301e-03
1.700000000000e-08 1.851263406133e-03
1.800000000000e-08 2.056241230152e-03
1.900000000000e-08 2.364996802406e-03
2.000000000000e-08 2.651826621603e-03
2.100000000000e-08 2.933626887312e-03
2.200000000000e-08 3.275558142162e-03
2.300000000000e-08 3.570259558086e-03
2.400000000000e-08 3.908774244476e-03
2.500000000000e-08 4.226428954957e-03
2.600000000000e-08 4.563872441524e-03
2.700000000000e-08 4.925110438630e-03
2.800000000000e-08 5.281088165632e-03
2.900000000000e-08 5.643322520589e-03
3.000000000000e-08 6.014319585575e-03
3.100000000000e-08 6.430199166215e-03
3.200000000000e-08 6.851410130673e-03
3.300000000000e-08 7.304156150167e-03
3.400000000000e-08 7.762931355778e-03
3.500000000000e-08 8.268946184116e-03
3.600000000000e-08 8.771860857802e-03
3.700000000000e-08 9.358274745297e-03
3.800000000000e-08 9.895593080353e-03
3.900000000000e-08 1.053099219464e-02
4.000000000000e-08 1.115114585812e-02
4.100000000000e-08 1.181726442349e-02
4.200000000000e-08 1.248832840250e-02
4.300000000000e-08 1.323813569475e-02
4.400000000000e-08 1.396329593601e-02
4.500000000000e-08 1.472071298583e-02
4.600000000000e-08 1.550911906687e-02
4.700000000000e-08 1.638455196141e-02
4.800000000000e-08 1.721740299987e-02
4.900000000000e-08 1.808964926398e-02
5.000000000000e-08 1.896035079267e-02
5.100000000000e-08 1.990632016592e-02
5.200000000000e-08 2.084564047104e-02
5.300000000000e-08 2.183843186781e-02
5.400000000000e-08 2.281582124325e-02
5.500000000000e-08 2.385130021072e-02
5.600000000000e-08 2.488833078153e-02
5.700000000000e-08 2.594747767843e-02
5.800000000000e-08 2.704444789769e-02
5.900000000000e-08 2.812821497475e-02
6.000000000000e-08 2.928134981695e-02
6.100000000000e-08 3.043917051932e-02
6.200000000000e-08 3.158810579714e-02
6.300000000000e-08 3.278498994078e-02
6.400000000000e-08 3.400569768440e-02
6.500000000000e-08 3.522454371383e-02
6.600000000000e-08 3.647966580488e-02
6.700000000000e-08 3.774451999120e-02
6.800000000000e-08 3.902651667133e-02
6.900000000000e-08 4.032817065575e-02
7.000000000000e-08 4.164436640969e-02
7.100000000000e-08 4.297576860480e-02
7.200000000000e-08 4.432130787629e-02
7.300000000000e-08 4.567991584788e-02
7.400000000000e-08 4.705050375866e-02
7.500000000000e-08 4.843194855073e-02
7.600000000000e-08 4.982308245997e-02
7.700000000000e-08 5.122268556765e-02
7.800000000000e-08 5.262948083934e-02
7.900000000000e-08 5.404213123951e-02
8.000000000000e-08 5.545923856432e-02
8.100000000000e-08 5.687934368392e-02
8.200000000000e-08 5.830092792778e-02
8.300000000000e-08 5.972241538463e-02
8.400000000000e-08 6.114217592191e-02
8.500000000000e-08 6.255852875855e-02
8.600000000000e-08 6.396974645104e-02
8.700000000000e-08 6.537405917498e-02
8.800000000000e-08 6.676965920405e-02
8.900000000000e-08 6.815470550560e-02
9.000000000000e-08 6.952732838682e-02
9.100000000000e-08 7.088563413847e-02
9.200000000000e-08 7.222770963412e-02
9.300000000000e-08 7.355162685254e-02
9.400000000000e-08 7.485544729896e-02
9.500000000000e-08 7.613722630775e-02
9.600000000000e-08 7.739501721490e-02
9.700000000000e-08 7.862687539359e-02
9.800000000000e-08 7.983086215005e-02
9.900000000000e-08 8.100504848006e-02
1.000000000000e-07 8.214751868919e-02
1.010000000000e-07 8.325637388172e-02
1.020000000000e-07 8.432973532472e-02
1.030000000000e-07 8.536574769503e-02
1.040000000000e-07 8.636258221708e-02
1.050000000000e-07 8.731843970051e-02
1.060000000000e-07 8.823155348613e-02
1.070000000000e-07 8.910019230882e-02
1.080000000000e-07 8.992266308575e-02
1.090000000000e-07 9.069731363756e-02
1.100000000000e-07 9.142253534979e-02
1.110000000000e-07 9.209676578089e-02
1.120000000000e-07 9.271849122259e-02
1.130000000000e-07 9.328624921727e-02
1.140000000000e-07 9.379863103637e-02
1.150000000000e-07 9.425428412272e-02
1.160000000000e-07 9.465191449886e-02
1.170000000000e-07 9.499028914249e-02
1.180000000000e-07 9.526823832928e-02
1.190000000000e-07 9.548465794237e-02
1.200000000000e-07 9.563851174699e-02
1.210000000000e-07 9.572883362800e-02
1.220000000000e-07 9.575472978718e-02
1.230000000000e-07 9.571538089649e-02
1.240000000000e-07 9.561004420292e-02
1.250000000000e-07 9.543805557983e-02
1.260000000000e-07 9.519883151922e-02
1.270000000000e-07 9.489187105899e-02
1.280000000000e-07 9.451675763857e-02
1.290000000000e-07 9.407316087638e-02
1.300000000000e-07 9.356083826181e-02
1.310000000000e-07 9.297963675467e-02
1.320000000000e-07 9.232949428464e-02
1.330000000000e-07 9.161044114314e-02
1.340000000000e-07 9.082260126031e-02
1.350000000000e-07 8.996619335943e-02
1.360000000000e-07 8.904153198157e-02
1.370000000000e-07 8.804902837318e-02
1.380000000000e-07 8.698919122958e-02
1.390000000000e-07 8.586262728770e-02
1.400000000000e-07 8.467004176153e-02
1.410000000000e-07 8.341223861415e-02
1.420000000000e-07 8.209012066073e-02
1.430000000000e-07 8.070468949705e-02
1.440000000000e-07 7.925704524883e-02
1.450000000000e-07 7.774838613744e-02
1.460000000000e-07 7.618000785814e-02
1.470000000000e-07 7.455330276764e-02
1.480000000000e-07 7.286975887810e-02
1.490000000000e-07 7.113095865558e-02
1.500000000000e-07 6.933857762126e-02
1.510000000000e-07 6.749438275443e-02
1.520000000000e-07 6.560023069713e-02
1.530000000000e-07 6.365806576042e-02
1.540000000000e-07 6.166991773336e-02
1.550000000000e-07 5.963789949626e-02
1.560000000000e-07 5.756420444012e-02
1.570000000000e-07 5.545110369522e-02
1.580000000000e-07 5.330094317213e-02
1.590000000000e-07 5.111614041909e-02
1.600000000000e-07 4.889918130024e-02
1.610000000000e-07 4.665261649994e-02
1.620000000000e-07 4.437905785869e-02
1.630000000000e-07 4.208117454683e-02
1.640000000000e-07 3.976168908286e-02
1.650000000000e-07 3.742337320338e-02
1.660000000000e-07 3.506904359242e-02
1.670000000000e-07 3.270155747819e-02
1.680000000000e-07 3.032380810582e-02
1.690000000000e-07 2.793872009490e-02
1.700000000000e-07 2.554924469121e-02
1.710000000000e-07 2.315835492215e-02
1.720000000000e-07 2.076904066574e-02
1.730000000000e-07 1.838430364356e-02
1.740000000000e-07 1.600715234783e-02
1.750000000000e-07 1.364059691350e-02
1.760000000000e-07 1.128764394598e-02
1.770000000000e-07 8.951291315695e-03
1.780000000000e-07 6.634522930506e-03
1.790000000000e-07 4.340303497181e-03
1.800000000000e-07 2.071573283289e-03
1.810000000000e-07 -1.687571092080e-04
1.820000000000e-07 -2.377811947322e-03
1.830000000000e-07 -4.552755536042e-03
1.840000000000e-07 -6.690797341717e-03
1.850000000000e-07 -8.789197058637e-03
1.860000000000e-07 -1.084526960772e-02
1.870000000000e-07 -1.285639005640e-02
1.880000000000e-07 -1.481999844881e-02
1.890000000000e-07 -1.673360453589e-02
1.900000000000e-07 -1.859479239469e-02
1.910000000000e-07 -2.040122492707e-02
1.920000000000e-07 -2.215064822761e-02
1.930000000000e-07 -2.384089581117e-02
1.940000000000e-07 -2.546989269097e-02
1.950000000000e-07 -2.703565929780e-02
1.960000000000e-07 -2.853631523208e-02
1.970000000000e-07 -2.997008284018e-02
1.980000000000e-07 -3.133529060720e-02
1.990000000000e-07 -3.263037635857e-02
2.000000000000e-07 -3.385389026350e-02
2.010000000000e-07 -3.500449763326e-02
2.020000000000e-07 -3.608098150837e-02
2.030000000000e-07 -3.708224502850e-02
2.040000000000e-07 -3.800731358002e-02
2.050000000000e-07 -3.885533671602e-02
2.060000000000e-07 -3.962558984455e-02
2.070000000000e-07 -4.031747568102e-02
2.080000000000e-07 -4.093052546136e-02
2.090000000000e-07 -4.146439991295e-02
2.100000000000e-07 -4.191888998092e-02
2.110000000000e-07 -4.229391730773e-02
2.120000000000e-07 -4.258953446481e-02
2.130000000000e-07 -4.280592493517e-02
2.140000000000e-07 -4.294340284661e-02
2.150000000000e-07 -4.300241245567e-02
2.160000000000e-07 -4.298352738295e-02
2.170000000000e-07 -4.288744960088e-02
2.180000000000e-07 -4.271500817559e-02
2.190000000000e-07 -4.246715776511e-02
2.200000000000e-07 -4.214497687639e-02
2.210000000000e-07 -4.174966588444e-02
2.220000000000e-07 -4.128254481716e-02
2.230000000000e-07 -4.074505090989e-02
2.240000000000e-07 -4.013873593439e-02
2.250000000000e-07 -3.946526330726e-02
2.260000000000e-07 -3.872640498317e-02
2.270000000000e-07 -3.792403813907e-02
2.280000000000e-07 -3.706014165551e-02
2.290000000000e-07 -3.613679240204e-02
2.300000000000e-07 -3.515616133378e-02
2.310000000000e-07 -3.412050940674e-02
2.320000000000e-07 -3.303218331986e-02
2.330000000000e-07 -3.189361109216e-02
2.340000000000e-07 -3.070729748346e-02
2.350000000000e-07 -2.947581926786e-02
2.360000000000e-07 -2.820182036914e-02
2.370000000000e-07 -2.688800686764e-02
2.380000000000e-07 -2.553714188861e-02
2.390000000000e-07 -2.415204038197e-02
2.400000000000e-07 -2.273556380384e-02
2.410000000000e-07 -2.129061471047e-02
2.420000000000e-07 -1.982013127520e-02
2.430000000000e-07 -1.832708173937e-02
2.440000000000e-07 -1.681445880828e-02
2.450000000000e-07 -1.528527400321e-02
2.460000000000e-07 -1.374255198100e-02
2.470000000000e-07 -1.218932483233e-02
2.480000000000e-07 -1.062862637019e-02
2.490000000000e-07 -9.063486419997e-03
2.500000000000e-07 -7.496925122747e-03
2.510000000000e-07 -5.931947262663e-03
2.520000000000e-07 -4.371536630730e-03
2.530000000000e-07 -2.818650435452e-03
2.540000000000e-07 -1.276213772065e-03
2.550000000000e-07 2.528858386387e-04
2.560000000000e-07 1.765803830877e-03
2.570000000000e-07 3.259743882970e-03
2.580000000000e-07 4.731963104289e-03
2.590000000000e-07 6.179777109576e-03
2.600000000000e-07 7.600564970382e-03
2.610000000000e-07 8.991774033606e-03
2.620000000000e-07 1.035092459739e-02
2.630000000000e-07 1.167561443490e-02
2.640000000000e-07 1.296352315685e-02
2.650000000000e-07 1.421241640393e-02
2.660000000000e-07 1.542014986067e-02
2.670000000000e-07 1.658467308255e-02
2.680000000000e-07 1.770403312875e-02
2.690000000000e-07 1.877637799310e-02
2.700000000000e-07 1.979995982629e-02
2.710000000000e-07 2.077313794296e-02
2.720000000000e-07 2.169438160756e-02
2.730000000000e-07 2.256227259331e-02
2.740000000000e-07 2.337550750933e-02
2.750000000000e-07 2.413289989121e-02
2.760000000000e-07 2.483338205083e-02
2.770000000000e-07 2.547600668192e-02
2.780000000000e-07 2.605994821823e-02
2.790000000000e-07 2.658450394164e-02
2.800000000000e-07 2.704909483821e-02
2.810000000000e-07 2.745326620066e-02
2.820000000000e-07 2.779668797623e-02
2.830000000000e-07 2.807915485957e-02
2.840000000000e-07 2.830058613059e-02
2.850000000000e-07 2.846102523813e-02
2.860000000000e-07 2.856063913038e-02
2.870000000000e-07 2.859971733404e-02
2.880000000000e-07 2.857867078426e-02
2.890000000000e-07 2.849803040823e-02
2.900000000000e-07 2.835844546583e-02
2.910000000000e-07 2.816068165103e-02
2.920000000000e-07 2.790561895855e-02
2.930000000000e-07 2.759424932047e-02
2.940000000000e-07 2.722767401840e-02
2.950000000000e-07 2.680710087677e-02
2.960000000000e-07 2.633384124376e-02
2.970000000000e-07 2.580930676654e-02
2.980000000000e-07 2.523500596812e-02
2.990000000000e-07 2.461254063334e-02
3.000000000000e-07 2.394360201209e-02
3.010000000000e-07 2.322996684834e-02
3.020000000000e-07 2.247349324355e-02
3.030000000000e-07 2.167611636384e-02
3.040000000000e-07 2.083984400033e-02
3.050000000000e-07 1.996675199255e-02
3.060000000000e-07 1.905897952487e-02
3.070000000000e-07 1.811872430655e-02
3.080000000000e-07 1.714823764586e-02
3.090000000000e-07 1.614981942923e-02
3.100000000000e-07 1.512581301635e-02
3.110000000000e-07 1.407860006262e-02
3.120000000000e-07 1.301059528014e-02
3.130000000000e-07 1.192424114877e-02
3.140000000000e-07 1.082200258896e-02
3.150000000000e-07 9.706361607804e-03
3.160000000000e-07 8.579811930141e-03
3.170000000000e-07 7.444853626389e-03
3.180000000000e-07 6.303987748768e-03
3.190000000000e-07 5.159710987605e-03
3.200000000000e-07 4.014510359300e-03
3.210000000000e-07 2.870857937467e-03
3.220000000000e-07 1.731205638619e-03
3.230000000000e-07 5.979800736708e-04
3.240000000000e-07 -5.264225237001e-04
3.250000000000e-07 -1.639641280916e-03
3.260000000000e-07 -2.739355571946e-03
3.270000000000e-07 -3.823289793894e-03
3.280000000000e-07 -4.889218024588e-03
3.290000000000e-07 -5.934968551291e-03
3.300000000000e-07 -6.958428260973e-03
3.310000000000e-07 -7.957546882929e-03
3.320000000000e-07 -8.930341074867e-03
3.330000000000e-07 -9.874898343966e-03
3.340000000000e-07 -1.078938079480e-02
3.350000000000e-07 -1.167202869643e-02
3.360000000000e-07 -1.252116386141e-02
3.370000000000e-07 -1.333519282985e-02
3.380000000000e-07 -1.411260985221e-02
3.390000000000e-07 -1.485199966493e-02
3.400000000000e-07 -1.555204005343e-02
3.410000000000e-07 -1.621150419764e-02
3.420000000000e-07 -1.682926279564e-02
3.430000000000e-07 -1.740428596150e-02
3.440000000000e-07 -1.793564489395e-02
3.450000000000e-07 -1.842251331312e-02
3.460000000000e-07 -1.886416866297e-02
3.470000000000e-07 -1.925999307768e-02
3.480000000000e-07 -1.960947411084e-02
3.490000000000e-07 -1.991220522671e-02
3.500000000000e-07 -2.016788605347e-02
3.510000000000e-07 -2.037632239883e-02
3.520000000000e-07 -2.053742602907e-02
3.530000000000e-07 -2.065121421289e-02
3.540000000000e-07 -2.071780903221e-02
3.550000000000e-07 -2.073743646240e-02
3.560000000000e-07 -2.071042522509e-02
3.570000000000e-07 -2.063720541710e-02
3.580000000000e-07 -2.051830691966e-02
3.590000000000e-07 -2.035435759238e-02
3.600000000000e-07 -2.014608125718e-02
3.610000000000e-07 -1.989429547759e-02
3.620000000000e-07 -1.959990913947e-02
3.630000000000e-07 -1.926391983950e-02
3.640000000000e-07 -1.888741108831e-02
3.650000000000e-07 -1.847154933552e-02
3.660000000000e-07 -1.801758082414e-02
3.670000000000e-07 -1.752682828256e-02
3.680000000000e-07 -1.700068746218e-02
3.690000000000e-07 -1.644062352953e-02
3.700000000000e-07 -1.584816732168e-02
3.710000000000e-07 -1.522491147427e-02
3.720000000000e-07 -1.457250643157e-02
3.730000000000e-07 -1.389265634827e-02
3.740000000000e-07 -1.318711489294e-02
3.750000000000e-07 -1.245768096337e-02
3.760000000000e-07 -1.170619432381e-02
3.770000000000e-07 -1.093453117472e-02
3.780000000000e-07 -1.014459966553e-02
3.790000000000e-07 -9.338335360827e-03
3.800000000000e-07 -8.517696670870e-03
3.810000000000e-07 -7.684660256914e-03
3.820000000000e-07 -6.841216422177e-03
3.830000000000e-07 -5.989364499071e-03
3.840000000000e-07 -5.131108243361e-03
3.850000000000e-07 -4.268451245816e-03
3.860000000000e-07 -3.403392371848e-03
3.870000000000e-07 -2.537921239498e-03
3.880000000000e-07 -1.674013746011e-03
3.890000000000e-07 -8.136276530450e-04
3.900000000000e-07 4.130175957612e-05
3.910000000000e-07 8.888659619249e-04
3.920000000000e-07 1.727187354387e-03
3.930000000000e-07 2.554423351255e-03
3.940000000000e-07 3.368770358577e-03
3.950000000000e-07 4.168467637648e-03
3.960000000000e-07 4.951801045825e-03
3.970000000000e-07 5.717106646684e-03
3.980000000000e-07 6.462774181903e-03
3.990000000000e-07 7.187250397580e-03
4.000000000000e-07 7.889042218112e-03
4.010000000000e-07 8.566719761139e-03
4.020000000000e-07 9.218919187459e-03
4.030000000000e-07 9.844345380255e-03
4.040000000000e-07 1.044177444839e-02
4.050000000000e-07 1.101005604899e-02
4.060000000000e-07 1.154811552495e-02
4.070000000000e-07 1.205495585349e-02
4.080000000000e-07 1.252965940240e-02
4.090000000000e-07 1.297138949085e-02
4.100000000000e-07 1.337939175257e-02
4.110000000000e-07 1.375299529913e-02
4.120000000000e-07 1.409161368205e-02
4.130000000000e-07 1.439474565246e-02
4.140000000000e-07 1.466197571810e-02
4.150000000000e-07 1.489297449722e-02
4.160000000000e-07 1.508749887013e-02
4.170000000000e-07 1.524539192909e-02
4.180000000000e-07 1.536658272792e-02
4.190000000000e-07 1.545108583336e-02
4.200000000000e-07 1.549900068010e-02
4.210000000000e-07 1.551051073261e-02
4.220000000000e-07 1.548588245669e-02
4.230000000000e-07 1.542546410441e-02
4.240000000000e-07 1.532968431654e-02
4.250000000000e-07 1.519905054679e-02
4.260000000000e-07 1.503414731283e-02
4.270000000000e-07 1.483563427917e-02
4.280000000000e-07 1.460424417757e-02
4.290000000000e-07 1.434078057087e-02
4.300000000000e-07 1.404611546649e-02
4.310000000000e-07 1.372118678627e-02
4.320000000000e-07 1.336699569941e-02
4.330000000000e-07 1.298460382582e-02
4.340000000000e-07 1.257513031708e-02
4.350000000000e-07 1.213974882303e-02
4.360000000000e-07 1.167968435153e-02
4.370000000000e-07 1.119621002973e-02
4.380000000000e-07 1.069064377501e-02
4.390000000000e-07 1.016434488414e-02
4.400000000000e-07 9.618710549105e-03
4.410000000000e-07 9.055172308491e-03
4.420000000000e-07 8.475192443024e-03
4.430000000000e-07 7.880260324329e-03
4.440000000000e-07 7.271888725733e-03
4.450000000000e-07 6.651610104121e-03
4.460000000000e-07 6.020972861827e-03
4.470000000000e-07 5.381537597509e-03
4.480000000000e-07 4.734873354966e-03
4.490000000000e-07 4.082553878770e-03
4.500000000000e-07 3.426153885522e-03
4.510000000000e-07 2.767245359461e-03
4.520000000000e-07 2.107393880999e-03
4.530000000000e-07 1.448154996676e-03
4.540000000000e-07 7.910706388271e-04
4.550000000000e-07 1.376656030985e-04
4.560000000000e-07 -5.105559082304e-04
4.570000000000e-07 -1.152113669399e-03
4.580000000000e-07 -1.785554733272e-03
4.590000000000e-07 -2.409456645145e-03
4.600000000000e-07 -3.022430561239e-03
4.610000000000e-07 -3.623124265153e-03
4.620000000000e-07 -4.210225075833e-03
4.630000000000e-07 -4.782462640930e-03
4.640000000000e-07 -5.338611609700e-03
4.650000000000e-07 -5.877494179975e-03
4.660000000000e-07 -6.397982514024e-03
4.670000000000e-07 -6.899001018516e-03
4.680000000000e-07 -7.379528484106e-03
4.690000000000e-07 -7.838600080590e-03
4.700000000000e-07 -8.275309203883e-03
4.710000000000e-07 -8.688809171507e-03
4.720000000000e-07 -9.078314763639e-03
4.730000000000e-07 -9.443103607147e-03
4.740000000000e-07 -9.782517400464e-03
4.750000000000e-07 -1.009596297752e-02
4.760000000000e-07 -1.038291320936e-02
4.770000000000e-07 -1.064290774248e-02
4.780000000000e-07 -1.087555357329e-02
4.790000000000e-07 -1.108052545854e-02
4.800000000000e-07 -1.125756616190e-02
4.810000000000e-07 -1.140648653732e-02
4.820000000000e-07 -1.152716545013e-02
4.830000000000e-07 -1.161954953729e-02
4.840000000000e-07 -1.168365280850e-02
4.850000000000e-07 -1.171955609029e-02
4.860000000000e-07 -1.172740631558e-02
4.870000000000e-07 -1.170741566154e-02
4.880000000000e-07 -1.165986053889e-02
4.890000000000e-07 -1.158508043618e-02
4.900000000000e-07 -1.148347662286e-02
4.910000000000e-07 -1.135551071527e-02
4.920000000000e-07 -1.120170310999e-02
4.930000000000e-07 -1.102263128929e-02
4.940000000000e-07 -1.081892800361e-02
4.950000000000e-07 -1.059127933646e-02
4.960000000000e-07 -1.034042265704e-02
4.970000000000e-07 -1.006714446649e-02
4.980000000000e-07 -9.772278143568e-03
4.990000000000e-07 -9.456701596005e-03
5.000000000000e-07 -9.121334823760e-03
5.010000000000e-07 -8.767137400719e-03
5.020000000000e-07 -8.395105881442e-03
5.030000000000e-07 -8.006271139720e-03
5.040000000000e-07 -7.601695645833e-03
5.050000000000e-07 -7.182470689457e-03
5.060000000000e-07 -6.749713555291e-03
5.070000000000e-07 -6.304564658500e-03
5.080000000000e-07 -5.848184647144e-03
5.090000000000e-07 -5.381751478760e-03
5.100000000000e-07 -4.906457478296e-03
5.110000000000e-07 -4.423506384573e-03
5.120000000000e-07 -3.934110392437e-03
5.130000000000e-07 -3.439487197707e-03
5.140000000000e-07 -2.940857051966e-03
5.150000000000e-07 -2.439439834188e-03
5.160000000000e-07 -1.936452146060e-03
5.170000000000e-07 -1.433104437798e-03
5.180000000000e-07 -9.305981710816e-04
5.190000000000e-07 -4.301230256406e-04
5.200000000000e-07 6.714584416989e-05
5.210000000000e-07 5.600504966030e-04
5.220000000000e-07 1.047452827564e-03
5.230000000000e-07 1.528237127653e-03
5.240000000000e-07 2.001312565596e-03
5.250000000000e-07 2.465615592694e-03
5.260000000000e-07 2.920112263122e-03
5.270000000000e-07 3.363800465175e-03
5.280000000000e-07 3.795712058800e-03
5.290000000000e-07 4.214914915016e-03
5.300000000000e-07 4.620514853089e-03
5.310000000000e-07 5.011657471610e-03
5.320000000000e-07 5.387529869919e-03
5.330000000000e-07 5.747362256584e-03
5.340000000000e-07 6.090429441971e-03
5.350000000000e-07 6.416052212212e-03
5.360000000000e-07 6.723598582218e-03
5.370000000000e-07 7.012484925660e-03
5.380000000000e-07 7.282176980176e-03
5.390000000000e-07 7.532190726365e-03
5.400000000000e-07 7.762093139452e-03
5.410000000000e-07 7.971502812812e-03
5.420000000000e-07 8.160090452859e-03
5.430000000000e-07 8.327579245140e-03
5.440000000000e-07 8.473745091742e-03
5.450000000000e-07 8.598416720477e-03
5.460000000000e-07 8.701475666581e-03
5.470000000000e-07 8.782856127975e-03
5.480000000000e-07 8.842544695444e-03
5.490000000000e-07 8.880579959360e-03
5.500000000000e-07 8.897051994868e-03
5.510000000000e-07 8.892101727749e-03
5.520000000000e-07 8.865920183405e-03
5.530000000000e-07 8.818747621719e-03
5.540000000000e-07 8.750872560757e-03
5.550000000000e-07 8.662630692556e-03
5.560000000000e-07 8.554403694445e-03
5.570000000000e-07 8.426617939597e-03
5.580000000000e-07 8.279743110717e-03
5.590000000000e-07 8.114290720953e-03
5.600000000000e-07 7.930812546347e-03
5.610000000000e-07 7.729898974280e-03
5.620000000000e-07 7.512177272572e-03
5.630000000000e-07 7.278309784015e-03
5.640000000000e-07 7.028992051289e-03
5.650000000000e-07 6.764950877326e-03
5.660000000000e-07 6.486942326295e-03
5.670000000000e-07 6.195749670505e-03
5.680000000000e-07 5.892181288590e-03
5.690000000000e-07 5.577068520423e-03
5.700000000000e-07 5.251263484275e-03
5.710000000000e-07 4.915636861762e-03
5.720000000000e-07 4.571075656180e-03
5.730000000000e-07 4.218480929830e-03
5.740000000000e-07 3.858765525951e-03
5.750000000000e-07 3.492851780862e-03
5.760000000000e-07 3.121669231906e-03
5.770000000000e-07 2.746152326742e-03
5.780000000000e-07 2.367238139486e-03
5.790000000000e-07 1.985864099153e-03
5.800000000000e-07 1.602965735754e-03
5.810000000000e-07 1.219474449348e-03
5.820000000000e-07 8.363153072270e-04
5.830000000000e-07 4.544048743050e-04
5.840000000000e-07 7.464908167948e-05
5.850000000000e-07 -3.020588618228e-04
5.860000000000e-07 -6.748405104286e-04
5.870000000000e-07 -1.042834170003e-03
5.880000000000e-07 -1.405196830069e-03
5.890000000000e-07 -1.761106035070e-03
5.900000000000e-07 -2.109761690862e-03
5.910000000000e-07 -2.450387802601e-03
5.920000000000e-07 -2.782234140418e-03
5.930000000000e-07 -3.104577829424e-03
5.940000000000e-07 -3.416724860871e-03
5.950000000000e-07 -3.718011521430e-03
5.960000000000e-07 -4.007805737841e-03
5.970000000000e-07 -4.285508334365e-03
5.980000000000e-07 -4.550554200730e-03
5.990000000000e-07 -4.802413368484e-03
6.000000000000e-07 -5.040591993907e-03
6.010000000000e-07 -5.264633245880e-03
6.020000000000e-07 -5.474118097350e-03
6.030000000000e-07 -5.668666019258e-03
6.040000000000e-07 -5.847935576083e-03
6.050000000000e-07 -6.011624922340e-03
6.060000000000e-07 -6.159472199666e-03
6.070000000000e-07 -6.291255834357e-03
6.080000000000e-07 -6.406794735427e-03
6.090000000000e-07 -6.505948393564e-03
6.100000000000e-07 -6.588616881523e-03
6.110000000000e-07 -6.654740756795e-03
6.120000000000e-07 -6.704300867564e-03
6.130000000000e-07 -6.737318063228e-03
6.140000000000e-07 -6.753852810972e-03
6.150000000000e-07 -6.754004720069e-03
6.160000000000e-07 -6.737911975842e-03
6.170000000000e-07 -6.705750685370e-03
6.180000000000e-07 -6.657734137268e-03
6.190000000000e-07 -6.594111978012e-03
6.200000000000e-07 -6.515169307498e-03
6.210000000000e-07 -6.421225696673e-03
6.220000000000e-07 -6.312634130262e-03
6.230000000000e-07 -6.189779877743e-03
6.240000000000e-07 -6.053079295904e-03
6.250000000000e-07 -5.902978566423e-03
6.260000000000e-07 -5.739952372052e-03
6.270000000000e-07 -5.564502515122e-03
6.280000000000e-07 -5.377156482158e-03
6.290000000000e-07 -5.178465958528e-03
6.300000000000e-07 -4.969005297119e-03
6.310000000000e-07 -4.749369945109e-03
6.320000000000e-07 -4.520174832992e-03
6.330000000000e-07 -4.282052730038e-03
6.340000000000e-07 -4.035652570448e-03
6.350000000000e-07 -3.781637754488e-03
6.360000000000e-07 -3.520684428888e-03
6.370000000000e-07 -3.253479750863e-03
6.380000000000e-07 -2.980720140039e-03
6.390000000000e-07 -2.703109522647e-03
6.400000000000e-07 -2.421357572249e-03
6.410000000000e-07 -2.136177951295e-03
6.420000000000e-07 -1.848286557741e-03
6.430000000000e-07 -1.558399780914e-03
6.440000000000e-07 -1.267232770759e-03
6.450000000000e-07 -9.754977245443e-04
6.460000000000e-07 -6.839021949968e-04
6.470000000000e-07 -3.931474237901e-04
6.480000000000e-07 -1.039267041878e-04
6.490000000000e-07 1.830762234457e-04
6.500000000000e-07 4.671887396661e-04
6.510000000000e-07 7.477508740224e-04
6.520000000000e-07 1.024116789824e-03
6.530000000000e-07 1.295656222380e-03
6.540000000000e-07 1.561755867627e-03
6.550000000000e-07 1.821820718202e-03
6.560000000000e-07 2.075275344178e-03
6.570000000000e-07 2.321565115834e-03
6.580000000000e-07 2.560157365978e-03
6.590000000000e-07 2.790542489544e-03
6.600000000000e-07 3.012234978305e-03
6.610000000000e-07 3.224774388766e-03
6.620000000000e-07 3.427726241455e-03
6.630000000000e-07 3.620682850001e-03
6.640000000000e-07 3.803264078606e-03
6.650000000000e-07 3.975118026656e-03
6.660000000000e-07 4.135921639448e-03
6.670000000000e-07 4.285381244169e-03
6.680000000000e-07 4.423233010454e-03
6.690000000000e-07 4.549243335051e-03
6.700000000000e-07 4.663209150291e-03
6.710000000000e-07 4.764958156262e-03
6.720000000000e-07 4.854348976770e-03
6.730000000000e-07 4.931271239337e-03
6.740000000000e-07 4.995645579686e-03
6.750000000000e-07 5.047423571347e-03
6.760000000000e-07 5.086587581160e-03
6.770000000000e-07 5.113150551660e-03
6.780000000000e-07 5.127155711490e-03
6.790000000000e-07 5.128676215123e-03
6.800000000000e-07 5.117814713385e-03
6.810000000000e-07 5.094702856371e-03
6.820000000000e-07 5.059500730547e-03
6.830000000000e-07 5.012396231931e-03
6.840000000000e-07 4.953604377420e-03
6.850000000000e-07 4.883366556433e-03
6.860000000000e-07 4.801949725197e-03
6.870000000000e-07 4.709645546083e-03
6.880000000000e-07 4.606769474560e-03
6.890000000000e-07 4.493659796385e-03
6.900000000000e-07 4.370676617799e-03
6.910000000000e-07 4.238200811552e-03
6.920000000000e-07 4.096632921676e-03
6.930000000000e-07 3.946392030005e-03
6.940000000000e-07 3.787914587492e-03
6.950000000000e-07 3.621653213462e-03
6.960000000000e-07 3.448075465955e-03
6.970000000000e-07 3.267662586379e-03
6.980000000000e-07 3.080908221731e-03
6.990000000000e-07 2.888317127654e-03
7.000000000000e-07 2.690403855625e-03
7.010000000000e-07 2.487691427588e-03
7.020000000000e-07 2.280710001333e-03
7.030000000000e-07 2.069995529934e-03
7.040000000000e-07 1.856088418519e-03
7.050000000000e-07 1.639532181659e-03
7.060000000000e-07 1.420872104609e-03
7.070000000000e-07 1.200653911592e-03
7.080000000000e-07 9.794224443080e-04
7.090000000000e-07 7.577203537542e-04
7.100000000000e-07 5.360868084168e-04
7.110000000000e-07 3.150562218162e-04
7.120000000000e-07 9.515700231505e-05
7.130000000000e-07 -1.230896719748e-04
7.140000000000e-07 -3.391710504392e-04
7.150000000000e-07 -5.525839767038e-04
7.160000000000e-07 -7.628360223091e-04
7.170000000000e-07 -9.694465848587e-04
7.180000000000e-07 -1.171947948286e-03
7.190000000000e-07 -1.369886302999e-03
7.200000000000e-07 -1.562822723773e-03
7.210000000000e-07 -1.750334103393e-03
7.220000000000e-07 -1.932014040152e-03
7.230000000000e-07 -2.107473677460e-03
7.240000000000e-07 -2.276342493944e-03
7.250000000000e-07 -2.438269042524e-03
7.260000000000e-07 -2.592921637148e-03
7.270000000000e-07 -2.739988985935e-03
7.280000000000e-07 -2.879180769672e-03
7.290000000000e-07 -3.010228164717e-03
7.300000000000e-07 -3.132884309521e-03
7.310000000000e-07 -3.246924714121e-03
7.320000000000e-07 -3.352147612090e-03
7.330000000000e-07 -3.448374254591e-03
7.340000000000e-07 -3.535449146303e-03
7.350000000000e-07 -3.613240223156e-03
7.360000000000e-07 -3.681638971925e-03
7.370000000000e-07 -3.740560491898e-03
7.380000000000e-07 -3.789943498952e-03
7.390000000000e-07 -3.829750272527e-03
7.400000000000e-07 -3.859966546094e-03
7.410000000000e-07 -3.880601341880e-03
7.420000000000e-07 -3.891686750708e-03
7.430000000000e-07 -3.893277657959e-03
7.440000000000e-07 -3.885451416772e-03
7.450000000000e-07 -3.868307469724e-03
7.460000000000e-07 -3.841966920339e-03
7.470000000000e-07 -3.806572055883e-03
7.480000000000e-07 -3.762285823029e-03
7.490000000000e-07 -3.709291258042e-03
7.500000000000e-07 -3.647790873259e-03
7.510000000000e-07 -3.578006001713e-03
7.520000000000e-07 -3.500176101848e-03
7.530000000000e-07 -3.414558024343e-03
7.540000000000e-07 -3.321425243126e-03
7.550000000000e-07 -3.221067052773e-03
7.560000000000e-07 -3.113787734485e-03
7.570000000000e-07 -2.999905692944e-03
7.580000000000e-07 -2.879752566389e-03
7.590000000000e-07 -2.753672312270e-03
7.600000000000e-07 -2.622020270921e-03
7.610000000000e-07 -2.485162209691e-03
7.620000000000e-07 -2.343473350009e-03
7.630000000000e-07 -2.197337379891e-03
7.640000000000e-07 -2.047145454392e-03
7.650000000000e-07 -1.893295186523e-03
7.660000000000e-07 -1.736189631161e-03
7.670000000000e-07 -1.576236264460e-03
7.680000000000e-07 -1.413845961277e-03
7.690000000000e-07 -1.249431973095e-03
7.700000000000e-07 -1.083408908915e-03
7.710000000000e-07 -9.161917215608e-04
7.720000000000e-07 -7.481947017891e-04
7.730000000000e-07 -5.798304825808e-04
7.740000000000e-07 -4.115090559329e-04
7.750000000000e-07 -2.436368044201e-04
7.760000000000e-07 -7.661554974276e-05
7.770000000000e-07 8.915837958170e-05
7.780000000000e-07 2.532950592934e-04
7.790000000000e-07 4.154118572080e-04
7.800000000000e-07 5.751342958298e-04
7.810000000000e-07 7.320968878882e-04
7.820000000000e-07 8.859439430076e-04
7.830000000000e-07 1.036330343807e-03
7.840000000000e-07 1.182922289813e-03
7.850000000000e-07 1.325398007658e-03
7.860000000000e-07 1.463448426144e-03
7.870000000000e-07 1.596777814821e-03
7.880000000000e-07 1.725104384870e-03
7.890000000000e-07 1.848160851135e-03
7.900000000000e-07 1.965694954299e-03
7.910000000000e-07 2.077469942259e-03
7.920000000000e-07 2.183265009905e-03
7.930000000000e-07 2.282875696581e-03
7.940000000000e-07 2.376114240626e-03
7.950000000000e-07 2.462809890517e-03
7.960000000000e-07 2.542809172221e-03
7.970000000000e-07 2.615976112485e-03
7.980000000000e-07 2.682192417905e-03
7.990000000000e-07 2.741357609709e-03
8.000000000000e-07 2.793389114318e-03
8.010000000000e-07 2.838222309836e-03
8.020000000000e-07 2.875810528729e-03
8.030000000000e-07 2.906125017077e-03
8.040000000000e-07 2.929154850845e-03
8.050000000000e-07 2.944906809765e-03
8.060000000000e-07 2.953405209481e-03
8.070000000000e-07 2.954691692727e-03
8.080000000000e-07 2.948824980386e-03
8.090000000000e-07 2.935880583389e-03
8.100000000000e-07 2.915950476465e-03
8.110000000000e-07 2.889142734875e-03
8.120000000000e-07 2.855581135318e-03
8.130000000000e-07 2.815404722273e-03
8.140000000000e-07 2.768767341139e-03
8.150000000000e-07 2.715837139567e-03
8.160000000000e-07 2.656796038473e-03
8.170000000000e-07 2.591839174273e-03
8.180000000000e-07 2.521174313920e-03
8.190000000000e-07 2.445021244411e-03
8.200000000000e-07 2.363611138439e-03
8.210000000000e-07 2.277185897949e-03
8.220000000000e-07 2.185997477349e-03
8.230000000000e-07 2.090307188214e-03
8.240000000000e-07 1.990384987303e-03
8.250000000000e-07 1.886508749765e-03
8.260000000000e-07 1.778963529408e-03
8.270000000000e-07 1.668040807950e-03
8.280000000000e-07 1.554037735135e-03
8.290000000000e-07 1.437256361656e-03
8.300000000000e-07 1.318002866788e-03
8.310000000000e-07 1.196586782639e-03
8.320000000000e-07 1.073320216950e-03
8.330000000000e-07 9.485170762978e-04
8.340000000000e-07 8.224922916167e-04
8.350000000000e-07 6.955610478586e-04
8.360000000000e-07 5.680380196421e-04
8.370000000000e-07 4.402366146766e-04
8.380000000000e-07 3.124682267292e-04
8.390000000000e-07 1.850414998590e-04
8.400000000000e-07 5.826160560111e-05
8.410000000000e-07 -6.757046526008e-05
8.420000000000e-07 -1.921585947426e-04
8.430000000000e-07 -3.152122120058e-04
8.440000000000e-07 -4.364469484986e-04
8.450000000000e-07 -5.555852724952e-04
8.460000000000e-07 -6.723571016612e-04
8.470000000000e-07 -7.865003923553e-04
8.480000000000e-07 -8.977617044414e-04
8.490000000000e-07 -1.005896740453e-03
8.500000000000e-07 -1.110670858028e-03
8.510000000000e-07 -1.211859554599e-03
8.520000000000e-07 -1.309248923410e-03
8.530000000000e-07 -1.402636079993e-03
8.540000000000e-07 -1.491829558343e-03
8.550000000000e-07 -1.576649676064e-03
8.560000000000e-07 -1.656928867904e-03
8.570000000000e-07 -1.732511987111e-03
8.580000000000e-07 -1.803256574176e-03
8.590000000000e-07 -1.869033092588e-03
8.600000000000e-07 -1.929725131305e-03
8.610000000000e-07 -1.985229573753e-03
8.620000000000e-07 -2.035456733214e-03
8.630000000000e-07 -2.080330454572e-03
8.640000000000e-07 -2.119788182457e-03
8.650000000000e-07 -2.153780995916e-03
8.660000000000e-07 -2.182273609801e-03
8.670000000000e-07 -2.205244343169e-03
8.680000000000e-07 -2.222685055047e-03
8.690000000000e-07 -2.234601047993e-03
8.700000000000e-07 -2.241010939976e-03
8.710000000000e-07 -2.241946505138e-03
8.720000000000e-07 -2.237452484104e-03
8.730000000000e-07 -2.227586364557e-03
8.740000000000e-07 -2.212418132856e-03
8.750000000000e-07 -2.192029997558e-03
8.760000000000e-07 -2.166516085744e-03
8.770000000000e-07 -2.135982113120e-03
8.780000000000e-07 -2.100545028918e-03
8.790000000000e-07 -2.060332636668e-03
8.800000000000e-07 -2.015483191973e-03
8.810000000000e-07 -1.966144978440e-03
8.820000000000e-07 -1.912475863004e-03
8.830000000000e-07 -1.854642831881e-03
8.840000000000e-07 -1.792821508434e-03
8.850000000000e-07 -1.727195654299e-03
8.860000000000e-07 -1.657956655089e-03
8.870000000000e-07 -1.585302992074e-03
8.880000000000e-07 -1.509439701233e-03
8.890000000000e-07 -1.430577821084e-03
8.900000000000e-07 -1.348933830735e-03
8.910000000000e-07 -1.264729079594e-03
8.920000000000e-07 -1.178189210194e-03
8.930000000000e-07 -1.089543575577e-03
8.940000000000e-07 -9.990246527081e-04
8.950000000000e-07 -9.068674533640e-04
8.960000000000e-07 -8.133089339418e-04
8.970000000000e-07 -7.185874056295e-04
8.980000000000e-07 -6.229419463595e-04
8.990000000000e-07 -5.266118159529e-04
9.000000000000e-07 -4.298358758425e-04
9.010000000000e-07 -3.328520147374e-04
9.020000000000e-07 -2.358965815702e-04
9.030000000000e-07 -1.392038270340e-04
9.040000000000e-07 -4.300535498699e-05
9.050000000000e-07 5.247041503202e-05
9.060000000000e-07 1.469987729733e-04
9.070000000000e-07 2.403592299656e-04
9.080000000000e-07 3.323360154036e-04
9.090000000000e-07 4.227185583551e-04
9.100000000000e-07 5.113019522599e-04
9.110000000000e-07 5.978874019370e-04
9.120000000000e-07 6.822826519726e-04
9.130000000000e-07 7.643023956111e-04
9.140000000000e-07 8.437686633282e-04
9.150000000000e-07 9.205111903195e-04
9.160000000000e-07 9.943677621971e-04
9.170000000000e-07 1.065184538244e-03
9.180000000000e-07 1.132816351640e-03
9.190000000000e-07 1.197126986124e-03
9.200000000000e-07 1.257989428634e-03
9.210000000000e-07 1.315286097513e-03
9.220000000000e-07 1.368909045938e-03
9.230000000000e-07 1.418760140307e-03
9.240000000000e-07 1.464751213339e-03
9.250000000000e-07 1.506804191766e-03
9.260000000000e-07 1.544851198499e-03
9.270000000000e-07 1.578834629261e-03
9.280000000000e-07 1.608707203706e-03
9.290000000000e-07 1.634431991127e-03
9.300000000000e-07 1.655982410904e-03
9.310000000000e-07 1.673342207916e-03
9.320000000000e-07 1.686505403179e-03
9.330000000000e-07 1.695476220056e-03
9.340000000000e-07 1.700268986416e-03
9.350000000000e-07 1.700908013189e-03
9.360000000000e-07 1.697427449818e-03
9.370000000000e-07 1.689871117150e-03
9.380000000000e-07 1.678292318360e-03
9.390000000000e-07 1.662753628572e-03
9.400000000000e-07 1.643326663849e-03
9.410000000000e-07 1.620091830295e-03
9.420000000000e-07 1.593138054050e-03
9.430000000000e-07 1.562562492996e-03
9.440000000000e-07 1.528470231020e-03
9.450000000000e-07 1.490973955730e-03
9.460000000000e-07 1.450193620550e-03
9.470000000000e-07 1.406256092129e-03
9.480000000000e-07 1.359294784071e-03
9.490000000000e-07 1.309449277952e-03
9.500000000000e-07 1.256864932693e-03
9.510000000000e-07 1.201692483294e-03
9.520000000000e-07 1.144087630018e-03
9.530000000000e-07 1.084210619092e-03
9.540000000000e-07 1.022225816010e-03
9.550000000000e-07 9.583012725371e-04
9.560000000000e-07 8.926082885117e-04
9.570000000000e-07 8.253209695620e-04
9.580000000000e-07 7.566157818271e-04
9.590000000000e-07 6.866711047954e-04
9.600000000000e-07 6.156667833557e-04
9.610000000000e-07 5.437836801507e-04
9.620000000000e-07 4.712032293141e-04
9.630000000000e-07 3.981069926592e-04
9.640000000000e-07 3.246762193707e-04
9.650000000000e-07 2.510914102359e-04
9.660000000000e-07 1.775318874300e-04
9.670000000000e-07 1.041753708485e-04
9.680000000000e-07 3.119756195610e-05
9.690000000000e-07 -4.122826390697e-05
9.700000000000e-07 -1.129316558458e-04
9.710000000000e-07 -1.837453754774e-04
9.720000000000e-07 -2.535057738906e-04
9.730000000000e-07 -3.220531566847e-04
9.740000000000e-07 -3.892321363040e-04
9.750000000000e-07 -4.548919709270e-04
9.760000000000e-07 -5.188868892036e-04
9.770000000000e-07 -5.810764001790e-04
9.780000000000e-07 -6.413255877794e-04
9.790000000000e-07 -6.995053892808e-04
9.800000000000e-07 -7.554928572249e-04
9.810000000000e-07 -8.091714042898e-04
9.820000000000e-07 -8.604310306711e-04
9.830000000000e-07 -9.091685335717e-04
9.840000000000e-07 -9.552876984484e-04
9.850000000000e-07 -9.986994717094e-04
9.860000000000e-07 -1.039322114603e-03
9.870000000000e-07 -1.077081338090e-03
9.880000000000e-07 -1.111910418531e-03
9.890000000000e-07 -1.143750294080e-03
9.900000000000e-07 -1.172549641715e-03
9.910000000000e-07 -1.198264934882e-03
9.920000000000e-07 -1.220860481781e-03
9.930000000000e-07 -1.240308444376e-03
9.940000000000e-07 -1.256588838234e-03
9.950000000000e-07 -1.269689513369e-03
9.960000000000e-07 -1.279606116298e-03
9.970000000000e-07 -1.286342033560e-03
9.980000000000e-07 -1.289908316996e-03
9.990000000000e-07 -1.290323591128e-03
1.000000000000e-06 -1.287613943013e-03
1.001000000000e-06 -1.281812794990e-03
1.002000000000e-06 -1.272960760775e-03
1.003000000000e-06 -1.261105485396e-03
1.004000000000e-06 -1.246301469490e-03
1.005000000000e-06 -1.228609878533e-03
1.006000000000e-06 -1.208098337573e-03
1.007000000000e-06 -1.184840712114e-03
1.008000000000e-06 -1.158916875774e-03
1.009000000000e-06 -1.130412465413e-03
1.010000000000e-06 -1.099418624420e-03
1.011000000000e-06 -1.066031734886e-03
1.012000000000e-06 -1.030353139401e-03
1.013000000000e-06 -9.924888532486e-04
1.014000000000e-06 -9.525492677654e-04
1.015000000000e-06 -9.106488456642e-04
1.016000000000e-06 -8.669058091272e-04
1.017000000000e-06 -8.214418214844e-04
1.018000000000e-06 -7.743816633038e-04
1.019000000000e-06 -7.258529037238e-04
1.020000000000e-06 -6.759855678654e-04
1.021000000000e-06 -6.249118011611e-04
1.022000000000e-06 -5.727655314396e-04
1.023000000000e-06 -5.196821296038e-04
1.024000000000e-06 -4.657980697338e-04
1.025000000000e-06 -4.112505894435e-04
1.026000000000e-06 -3.561773513091e-04
1.027000000000e-06 -3.007161061807e-04
1.028000000000e-06 -2.450043591741e-04
1.029000000000e-06 -1.891790391288e-04
1.030000000000e-06 -1.333761723017e-04
1.031000000000e-06 -7.773056104890e-05
1.032000000000e-06 -2.237546823208e-05
1.033000000000e-06 3.255769193892e-05
1.034000000000e-06 8.693965593253e-05
1.035000000000e-06 1.406436051225e-04
1.036000000000e-06 1.935454515708e-04
1.037000000000e-06 2.455241147466e-04
1.038000000000e-06 2.964617885916e-04
1.039000000000e-06 3.462441983664e-04
1.040000000000e-06 3.947608467465e-04
1.041000000000e-06 4.419052486626e-04
1.042000000000e-06 4.875751544163e-04
1.043000000000e-06 5.316727606308e-04
1.044000000000e-06 5.741049086301e-04
1.045000000000e-06 6.147832698771e-04
1.046000000000e-06 6.536245181310e-04
1.047000000000e-06 6.905504880227e-04
1.048000000000e-06 7.254883197817e-04
1.049000000000e-06 7.583705898821e-04
1.050000000000e-06 7.891354274142e-04
1.051000000000e-06 8.177266160213e-04
1.052000000000e-06 8.440936812815e-04
1.053000000000e-06 8.681919634450e-04
1.054000000000e-06 8.899826754798e-04
1.055000000000e-06 9.094329464106e-04
1.056000000000e-06 9.265158499710e-04
1.057000000000e-06 9.412104186292e-04
1.058000000000e-06 9.535016430759e-04
1.059000000000e-06 9.633804573021e-04
1.060000000000e-06 9.708437094270e-04
1.061000000000e-06 9.758941184685e-04
1.062000000000e-06 9.785402172814e-04
1.063000000000e-06 9.787962819220e-04
1.064000000000e-06 9.766822477245e-04
1.065000000000e-06 9.722236124077e-04
1.066000000000e-06 9.654513265584e-04
1.067000000000e-06 9.564016718636e-04
1.068000000000e-06 9.451161274925e-04
1.069000000000e-06 9.316412250536e-04
1.070000000000e-06 9.160283925744e-04
1.071000000000e-06 8.983337879782e-04
1.072000000000e-06 8.786181225488e-04
1.073000000000e-06 8.569464748978e-04
1.074000000000e-06 8.333880959648e-04
1.075000000000e-06 8.080162056016e-04
1.076000000000e-06 7.809077813024e-04
1.077000000000e-06 7.521433396603e-04
1.078000000000e-06 7.218067111411e-04
1.079000000000e-06 6.899848087760e-04
1.080000000000e-06 6.567673913863e-04
1.081000000000e-06 6.222468219591e-04
1.082000000000e-06 5.865178218002e-04
1.083000000000e-06 5.496772210960e-04
1.084000000000e-06 5.118237065185e-04
1.085000000000e-06 4.730575665085e-04
1.086000000000e-06 4.334804348755e-04
1.087000000000e-06 3.931950333457e-04
1.088000000000e-06 3.523049136940e-04
1.089000000000e-06 3.109142000838e-04
1.090000000000e-06 2.691273322384e-04
1.091000000000e-06 2.270488100579e-04
1.092000000000e-06 1.847829402864e-04
1.093000000000e-06 1.424335858246e-04
1.094000000000e-06 1.001039182731e-04
1.095000000000e-06 5.789617427557e-05
1.096000000000e-06 1.591141621903e-05
1.097000000000e-06 -2.575070216624e-05
1.098000000000e-06 -6.699216478360e-05
1.099000000000e-06 -1.077168162156e-04
1.100000000000e-06 -1.478305783498e-04
1.101000000000e-06 -1.872416601159e-04
1.102000000000e-06 -2.258607598862e-04
1.103000000000e-06 -2.636012601124e-04
1.104000000000e-06 -3.003794137951e-04
1.105000000000e-06 -3.361145224046e-04
1.106000000000e-06 -3.707291048967e-04
1.107000000000e-06 -4.041490574904e-04
1.108000000000e-06 -4.363038039009e-04
1.109000000000e-06 -4.671264357467e-04
1.110000000000e-06 -4.965538428748e-04
1.111000000000e-06 -5.245268333766e-04
1.112000000000e-06 -5.509902430912e-04
1.113000000000e-06 -5.758930344235e-04
1.114000000000e-06 -5.991883843281e-04
1.115000000000e-06 -6.208337613405e-04
1.116000000000e-06 -6.407909915634e-04
1.117000000000e-06 -6.590263135421e-04
1.118000000000e-06 -6.755104219941e-04
1.119000000000e-06 -6.902185003806e-04
1.120000000000e-06 -7.031302423386e-04
1.121000000000e-06 -7.142298620168e-04
1.122000000000e-06 -7.235060933868e-04
1.123000000000e-06 -7.309521786241e-04
1.124000000000e-06 -7.365658456828e-04
1.125000000000e-06 -7.403492752111e-04
1.126000000000e-06 -7.423090569777e-04
1.127000000000e-06 -7.424561360068e-04
1.128000000000e-06 -7.408057486388e-04
1.129000000000e-06 -7.373773487600e-04
1.130000000000e-06 -7.321945244615e-04
1.131000000000e-06 -7.252849054142e-04
1.132000000000e-06 -7.166800612621e-04
1.133000000000e-06 -7.064153913572e-04
1.134000000000e-06 -6.945300061778e-04
1.135000000000e-06 -6.810666007880e-04
1.136000000000e-06 -6.660713207134e-04
1.137000000000e-06 -6.495936206224e-04
1.138000000000e-06 -6.316861162176e-04
1.139000000000e-06 -6.124044297524e-04
1.140000000000e-06 -5.918070296038e-04
1.141000000000e-06 -5.699550643385e-04
1.142000000000e-06 -5.469121917218e-04
1.143000000000e-06 -5.227444031273e-04
1.144000000000e-06 -4.975198438104e-04
1.145000000000e-06 -4.713086295175e-04
1.146000000000e-06 -4.441826599042e-04
1.147000000000e-06 -4.162154292436e-04
1.148000000000e-06 -3.874818349038e-04
1.149000000000e-06 -3.580579840790e-04
1.150000000000e-06 -3.280209992558e-04
1.151000000000e-06 -2.974488228956e-04
1.152000000000e-06 -2.664200218144e-04
1.153000000000e-06 -2.350135917339e-04
1.154000000000e-06 -2.033087624763e-04
1.155000000000e-06 -1.713848042681e-04
1.156000000000e-06 -1.393208356126e-04
1.157000000000e-06 -1.071956331818e-04
1.158000000000e-06 -7.508744417040e-05
1.159000000000e-06 -4.307380154483e-05
1.160000000000e-06 -1.123134260975e-05
1.161000000000e-06 2.036436869842e-05
1.162000000000e-06 5.163901539234e-05
1.163000000000e-06 8.251969650484e-05
1.164000000000e-06 1.129350912798e-04
1.165000000000e-06 1.428156181278e-04
1.166000000000e-06 1.720935880067e-04
1.167000000000e-06 2.007033519044e-04
1.168000000000e-06 2.285814421173e-04
1.169000000000e-06 2.556667070363e-04
1.170000000000e-06 2.819004391699e-04
1.171000000000e-06 3.072264961530e-04
1.172000000000e-06 3.315914145093e-04
1.173000000000e-06 3.549445159531e-04
1.174000000000e-06 3.772380060390e-04
1.175000000000e-06 3.984270649863e-04
1.176000000000e-06 4.184699305248e-04
1.177000000000e-06 4.373279726314e-04
1.178000000000e-06 4.549657600449e-04
1.179000000000e-06 4.713511184713e-04
1.180000000000e-06 4.864551804071e-04
1.181000000000e-06 5.002524265350e-04
1.182000000000e-06 5.127207186623e-04
1.183000000000e-06 5.238413241962e-04
1.184000000000e-06 5.335989321694e-04
1.185000000000e-06 5.419816608494e-04
1.186000000000e-06 5.489810569861e-04
1.187000000000e-06 5.545920867713e-04
1.188000000000e-06 5.588131186028e-04
1.189000000000e-06 5.616458977657e-04
1.190000000000e-06 5.630955131622e-04
1.191000000000e-06 5.631703562376e-04
1.192000000000e-06 5.618820722697e-04
1.193000000000e-06 5.592455042056e-04
1.194000000000e-06 5.552786292444e-04
1.195000000000e-06 5.500024883838e-04
1.196000000000e-06 5.434411091592e-04
1.197000000000e-06 5.356214218227e-04
1.198000000000e-06 5.265731692199e-04
1.199000000000e-06 5.163288106381e-04
1.200000000000e-06 5.049234199087e-04
1.201000000000e-06 4.923810789076e-04
1.202000000000e-06 4.787297584037e-04
1.203000000000e-06 4.640142116096e-04
1.204000000000e-06 4.482816724972e-04
1.205000000000e-06 4.315817034899e-04
1.206000000000e-06 4.139660377159e-04
1.207000000000e-06 3.954884163322e-04
1.208000000000e-06 3.762044214448e-04
1.209000000000e-06 3.561713051552e-04
1.210000000000e-06 3.354478152741e-04
1.211000000000e-06 3.140940182470e-04
1.212000000000e-06 2.921711198403e-04
1.213000000000e-06 2.697412841395e-04
1.214000000000e-06 2.468674514110e-04
1.215000000000e-06 2.236131553767e-04
1.216000000000e-06 2.000423404499e-04
1.217000000000e-06 1.762191794735e-04
1.218000000000e-06 1.522078924980e-04
1.219000000000e-06 1.280725671254e-04
1.220000000000e-06 1.038769809393e-04
1.221000000000e-06 7.968442652810e-05
1.222000000000e-06 5.555753959528e-05
1.223000000000e-06 3.155813063895e-05
1.224000000000e-06 7.747020665384e-06
1.225000000000e-06 -1.581611861431e-05
1.226000000000e-06 -3.907291967341e-05
1.227000000000e-06 -6.196646873285e-05
1.228000000000e-06 -8.444144960674e-05
1.229000000000e-06 -1.064442814597e-04
1.230000000000e-06 -1.279232501276e-04
1.231000000000e-06 -1.488286326765e-04
1.232000000000e-06 -1.691128148983e-04
1.233000000000e-06 -1.887304014659e-04
1.234000000000e-06 -2.076383184968e-04
1.235000000000e-06 -2.257959082978e-04
1.236000000000e-06 -2.431650160928e-04
1.237000000000e-06 -2.597100685583e-04
1.238000000000e-06 -2.753981440213e-04
1.239000000000e-06 -2.901990341998e-04
1.240000000000e-06 -3.040852973927e-04
1.241000000000e-06 -3.170323030545e-04
1.242000000000e-06 -3.290182677158e-04
1.243000000000e-06 -3.400242822389e-04
1.244000000000e-06 -3.500343304220e-04
1.245000000000e-06 -3.590352989950e-04
1.246000000000e-06 -3.670169790734e-04
1.247000000000e-06 -3.739720591630e-04
1.248000000000e-06 -3.798961098329e-04
1.249000000000e-06 -3.847875601987e-04
1.250000000000e-06 -3.886476663812e-04
1.251000000000e-06 -3.914804721281e-04
1.252000000000e-06 -3.932927618094e-04
1.253000000000e-06 -3.940940060162e-04
1.254000000000e-06 -3.938963000154e-04
1.255000000000e-06 -3.927142953288e-04
1.256000000000e-06 -3.905651247255e-04
1.257000000000e-06 -3.874683209322e-04
1.258000000000e-06 -3.834457293814e-04
1.259000000000e-06 -3.785214153343e-04
1.260000000000e-06 -3.727215657243e-04
1.261000000000e-06 -3.660743860843e-04
1.262000000000e-06 -3.586099929272e-04
1.263000000000e-06 -3.503603019613e-04
1.264000000000e-06 -3.413589125301e-04
1.265000000000e-06 -3.316409886710e-04
1.266000000000e-06 -3.212431371965e-04
1.267000000000e-06 -3.102032832016e-04
1.268000000000e-06 -2.985605434076e-04
1.269000000000e-06 -2.863550977515e-04
1.270000000000e-06 -2.736280596328e-04
1.271000000000e-06 -2.604213452251e-04
1.272000000000e-06 -2.467775422622e-04
1.273000000000e-06 -2.327397787002e-04
1.274000000000e-06 -2.183515916551e-04
1.275000000000e-06 -2.036567970098e-04
1.276000000000e-06 -1.886993600740e-04
1.277000000000e-06 -1.735232676760e-04
1.278000000000e-06 -1.581724020534e-04
1.279000000000e-06 -1.426904169012e-04
1.280000000000e-06 -1.271206159216e-04
1.281000000000e-06 -1.115058342111e-04
1.282000000000e-06 -9.588832280387e-05
1.283000000000e-06 -8.030963667825e-05
1.284000000000e-06 -6.481052651706e-05
1.285000000000e-06 -4.943083449805e-05
1.286000000000e-06 -3.420939437316e-05
1.287000000000e-06 -1.918393607912e-05
1.288000000000e-06 -4.390995104105e-06
1.289000000000e-06 1.013417318267e-05
1.290000000000e-06 2.435767405011e-05
1.291000000000e-06 3.824704860346e-05
1.292000000000e-06 5.177134351108e-05
1.293000000000e-06 6.490117512841e-05
1.294000000000e-06 7.760878790732e-05
1.295000000000e-06 8.986810699857e-05
1.296000000000e-06 1.016547849745e-04
1.297000000000e-06 1.129462426191e-04
1.298000000000e-06 1.237217037509e-04
1.299000000000e-06 1.339622240654e-04
1.300000000000e-06 1.436507140000e-04
1.301000000000e-06 1.527719556466e-04
1.302000000000e-06 1.613126137522e-04
1.303000000000e-06 1.692612408675e-04
1.304000000000e-06 1.766082767214e-04
1.305000000000e-06 1.833460419163e-04
1.306000000000e-06 1.894687260536e-04
1.307000000000e-06 1.949723704181e-04
1.308000000000e-06 1.998548453630e-04
1.309000000000e-06 2.041158225520e-04
1.310000000000e-06 2.077567422302e-04
1.311000000000e-06 2.107807757074e-04
1.312000000000e-06 2.131927832502e-04
1.313000000000e-06 2.149992675910e-04
1.314000000000e-06 2.162083232724e-04
1.315000000000e-06 2.168295820561e-04
1.316000000000e-06 2.168741546327e-04
1.317000000000e-06 2.163545688790e-04
1.318000000000e-06 2.152847049150e-04
1.319000000000e-06 2.136797272194e-04
1.320000000000e-06 2.115560140675e-04
1.321000000000e-06 2.089310845607e-04
1.322000000000e-06 2.058235235186e-04
1.323000000000e-06 2.022529045084e-04
1.324000000000e-06 1.982397112869e-04
1.325000000000e-06 1.938052579318e-04
1.326000000000e-06 1.889716079385e-04
1.327000000000e-06 1.837614925562e-04
1.328000000000e-06 1.781982286364e-04
1.329000000000e-06 1.723056362644e-04
1.330000000000e-06 1.661079564368e-04
1.331000000000e-06 1.596297690501e-04
1.332000000000e-06 1.528959114517e-04
1.333000000000e-06 1.459313978063e-04
1.334000000000e-06 1.387613395189e-04
1.335000000000e-06 1.314108669482e-04
1.336000000000e-06 1.239050526391e-04
1.337000000000e-06 1.162688362914e-04
1.338000000000e-06 1.085269516714e-04
1.339000000000e-06 1.007038556676e-04
1.340000000000e-06 9.282365967554e-05
1.341000000000e-06 8.491006349012e-05
1.342000000000e-06 7.698629187060e-05
1.343000000000e-06 6.907503393162e-05
1.344000000000e-06 6.119838550211e-05
1.345000000000e-06 5.337779458135e-05
1.346000000000e-06 4.563401000899e-05
1.347000000000e-06 3.798703345284e-05
1.348000000000e-06 3.045607480565e-05
1.349000000000e-06 2.305951106901e-05
1.350000000000e-06 1.581484878947e-05
1.351000000000e-06 8.738690098819e-06
1.352000000000e-06 1.846702397928e-06
1.353000000000e-06 -4.846408289924e-06
1.354000000000e-06 -1.132692028258e-05
1.355000000000e-06 -1.758211551858e-05
1.356000000000e-06 -2.360029516428e-05
1.357000000000e-06 -2.937079157208e-05
1.358000000000e-06 -3.488397662524e-05
1.359000000000e-06 -4.013126651623e-05
1.360000000000e-06 -4.510512301664e-05
1.361000000000e-06 -4.979905130760e-05
1.362000000000e-06 -5.420759444977e-05
1.363000000000e-06 -5.832632458204e-05
1.364000000000e-06 -6.215183094729e-05
1.365000000000e-06 -6.568170485262e-05
1.366000000000e-06 -6.891452167978e-05
1.367000000000e-06 -7.184982006917e-05
1.368000000000e-06 -7.448807840840e-05
1.369000000000e-06 -7.683068876269e-05
1.370000000000e-06 -7.887992839071e-05
1.371000000000e-06 -8.063892899489e-05
1.372000000000e-06 -8.211164385999e-05
1.373000000000e-06 -8.330281303798e-05
1.374000000000e-06 -8.421792674114e-05
1.375000000000e-06 -8.486318710775e-05
1.376000000000e-06 -8.524546850755e-05
1.377000000000e-06 -8.537227655578e-05
1.378000000000e-06 -8.525170600537e-05
1.379000000000e-06 -8.489239768791e-05
1.380000000000e-06 -8.430349467326e-05
1.381000000000e-06 -8.349459781753e-05
1.382000000000e-06 -8.247572086739e-05
1.383000000000e-06 -8.125724528705e-05
1.384000000000e-06 -7.984987497175e-05
1.385000000000e-06 -7.826459100851e-05
1.386000000000e-06 -7.651260664171e-05
1.387000000000e-06 -7.460532259669e-05
1.388000000000e-06 -7.255428291042e-05
1.389000000000e-06 -7.037113141325e-05
1.390000000000e-06 -6.806756900041e-05
1.391000000000e-06 -6.565531182630e-05
1.392000000000e-06 -6.314605054844e-05
1.393000000000e-06 -6.055141074148e-05
1.394000000000e-06 -5.788291459509e-05
1.395000000000e-06 -5.515194400228e-05
1.396000000000e-06 -5.236970513767e-05
1.397000000000e-06 -4.954719461752e-05
1.398000000000e-06 -4.669516732571e-05
1.399000000000e-06 -4.382410598209e-05
1.400000000000e-06 -4.094419252149e-05
1.401000000000e-06 -3.806528134368e-05
1.402000000000e-06 -3.519687448645e-05
1.403000000000e-06 -3.234809876574e-05
1.404000000000e-06 -2.952768491853e-05
1.405000000000e-06 -2.674394877630e-05
1.406000000000e-06 -2.400477448823e-05
1.407000000000e-06 -2.131759980605e-05
1.408000000000e-06 -1.868940343369e-05
1.409000000000e-06 -1.612669443789e-05
1.410000000000e-06 -1.363550370781e-05
1.411000000000e-06 -1.122137744443e-05
1.412000000000e-06 -8.889372653475e-06
1.413000000000e-06 -6.644054608359e-06
1.414000000000e-06 -4.489496243225e-06
1.415000000000e-06 -2.429279429554e-06
1.416000000000e-06 -4.664980837850e-07
1.417000000000e-06 1.396236952424e-06
1.418000000000e-06 3.156791323153e-06
1.419000000000e-06 4.813498929338e-06
1.420000000000e-06 6.365152133772e-06
1.421000000000e-06 7.810990478074e-06
1.422000000000e-06 9.150687993736e-06
1.423000000000e-06 1.038433919293e-05
1.424000000000e-06 1.151244382800e-05
1.425000000000e-06 1.253589051134e-05
1.426000000000e-06 1.345593928974e-05
1.427000000000e-06 1.427420326941e-05
1.428000000000e-06 1.499262938916e-05
1.429000000000e-06 1.561347844072e-05
1.430000000000e-06 1.613930443584e-05
1.431000000000e-06 1.657293341990e-05
1.432000000000e-06 1.691744183222e-05
1.433000000000e-06 1.717613451234e-05
1.434000000000e-06 1.735252245114e-05
1.435000000000e-06 1.745030038404e-05
1.436000000000e-06 1.747332432254e-05
1.437000000000e-06 1.742558911787e-05
1.438000000000e-06 1.731120614879e-05
1.439000000000e-06 1.713438122262e-05
1.440000000000e-06 1.689939277616e-05
1.441000000000e-06 1.661057045949e-05
1.442000000000e-06 1.627227418277e-05
1.443000000000e-06 1.588887370200e-05
1.444000000000e-06 1.546472881621e-05
1.445000000000e-06 1.500417024403e-05
1.446000000000e-06 1.451148124365e-05
1.447000000000e-06 1.399088003532e-05
1.448000000000e-06 1.344650308120e-05
1.449000000000e-06 1.288238927243e-05
1.450000000000e-06 1.230246506825e-05
1.451000000000e-06 1.171053062735e-05
1.452000000000e-06 1.111024696631e-05
1.453000000000e-06 1.050512417487e-05
1.454000000000e-06 9.898510712778e-06
1.455000000000e-06 9.293583807675e-06
1.456000000000e-06 8.693340968503e-06
1.457000000000e-06 8.100592623586e-06
1.458000000000e-06 7.517955887720e-06
1.459000000000e-06 6.947849457489e-06
1.460000000000e-06 6.392489629215e-06
1.461000000000e-06 5.853887429141e-06
1.462000000000e-06 5.333846840832e-06
1.463000000000e-06 4.833964110264e-06
1.464000000000e-06 4.355628104745e-06
1.465000000000e-06 3.900021697664e-06
1.466000000000e-06 3.468124147067e-06
1.467000000000e-06 3.060714432334e-06
1.468000000000e-06 2.678375509650e-06
1.469000000000e-06 2.321499443665e-06
1.470000000000e-06 1.990293369640e-06
1.471000000000e-06 1.684786237564e-06
1.472000000000e-06 1.404836287118e-06
1.473000000000e-06 1.150139200059e-06
1.474000000000e-06 9.202368745572e-07
1.475000000000e-06 7.145267642132e-07
1.476000000000e-06 5.322717230030e-07
1.477000000000e-06 3.726102961630e-07
1.478000000000e-06 2.345673960813e-07
1.479000000000e-06 1.170653015983e-07
1.480000000000e-06 1.893491872679e-08
1.481000000000e-06 -6.107275930813e-08
1.482000000000e-06 -1.242750546521e-07
1.483000000000e-06 -1.720459315401e-07
1.484000000000e-06 -2.058043079752e-07
1.485000000000e-06 -2.270024122431e-07
1.486000000000e-06 -2.371142429431e-07
1.487000000000e-06 -2.376241897784e-07
1.488000000000e-06 -2.300158706818e-07
1.489000000000e-06 -2.157612389582e-07
1.490000000000e-06 -1.963100120292e-07
1.491000000000e-06 -1.730794710595e-07
1.492000000000e-06 -1.474446782575e-07
1.493000000000e-06 -1.207291559806e-07
1.494000000000e-06 -9.419606894862e-08
1.495000000000e-06 -6.903994789862e-08
1.496000000000e-06 -4.637898990800e-08
1.497000000000e-06 -2.724796738882e-08
1.498000000000e-06 -1.259177442959e-08
1.499000000000e-06 -3.259635744233e-09
1.500000000000e-06 0.000000000000e+00
